,Link,Title
0,https://blog.naver.com/jo_penquin?Redirect=Log&logNo=222434864767,[빵집카페투어]이스트우드/아우어베이커리/네로우패스/허밍벨라베이커리/유목민카페/밀곳간/을지로카페적당
1,https://blog.naver.com/jo_penquin?Redirect=Log&logNo=222433407215,[유즈리스어덜트]보문동카페!아빠의어릴적집을찾아나선추억여행
2,https://blog.naver.com/jo_penquin?Redirect=Log&logNo=222431681845,해방촌에서엄마어릴적추억찾아주기![feat.버터북]
3,https://blog.naver.com/jo_penquin?Redirect=Log&logNo=222428607482,[드래곤백]트리플점프스몰탄색이너백구입까지~&lt;정품인증방법/6라인과비교&gt;
4,https://blog.naver.com/jo_penquin?Redirect=Log&logNo=222425295836,[다이어트일기_01]&quot;조펭귄의다이어트시작을알립니다!!!!&quot;
5,https://blog.naver.com/jo_penquin?Redirect=Log&logNo=222424171150,[탕초루레스토랑]오라카이호텔대학로점/종로5가직장인맛집추천
6,https://blog.naver.com/jo_penquin?Redirect=Log&logNo=222422956110,[명동티마크그랜드호텔]나홀로호캉스/남산뷰가성비호캉스!
7,https://blog.naver.com/jo_penquin?Redirect=Log&logNo=222421793335,5월-6월일상기록[김현아/소쇄원간장게장/신세계릿슈/구복만두/연길반점/북악스카이웨이/을지로둥지닭도리탕]
8,https://blog.naver.com/jo_penquin?Redirect=Log&logNo=222420521250,[노량진수산시장대게맛집]중앙꽃게/신안상회/초장집해운대/서울상회씨앗젓갈
9,https://blog.naver.com/jo_penquin?Redirect=Log&logNo=222417256249,[어거스트힐]강남역소개팅장소추천!가성비최고스테이크
10,https://blog.naver.com/jo_penquin?Redirect=Log&logNo=222415137219,[나홀로당일치기제주도여행!!!]애월우니담/스타벅스제주애월DT점/금능해수욕장/애월고등학교벚꽃/전농로벚꽃거리/용담해안도로/파라토도스카페&gt;
11,https://blog.naver.com/jo_penquin?Redirect=Log&logNo=222406227823,"[공유]2021브로딕제주엠버서더1기모집(호텔엠버서더,호텔서포터즈,숙소엠버서더,제주서포터즈)"
12,https://blog.naver.com/jo_penquin?Redirect=Log&logNo=222406201615,[성신여대사진관]취업사진찍으러뉴페이스스튜디오성신여대점
13,https://blog.naver.com/jo_penquin?Redirect=Log&logNo=222405055381,[경리단길맛집]레호이/보마켓경리단점주차Tip!!
14,https://blog.naver.com/jo_penquin?Redirect=Log&logNo=222404826223,"[속초,고성여행]친구들과2박3일미리여름휴가~여행은늘좋아!!(동명항포차거리,자자펜션,매자식당,동명항활어센터,고성천진해수욕장,파인리즈리조트)"
15,https://blog.naver.com/jo_penquin?Redirect=Log&logNo=222404563214,&lt;스튜디오이움&gt;요즘청혼은여자가먼저~!!!프로포즈영상만들기
16,https://blog.naver.com/jo_penquin?Redirect=Log&logNo=222402240092,[강릉파스텔상점피크닉]그림도그릴수있는강릉피크닉세트대여점!인생사진찍으러가보자~
17,https://blog.naver.com/jo_penquin?Redirect=Log&logNo=222401074935,[강릉세인트존스호텔]오크랩/풍년갈비/파스텔상점피크닉세트/경포호/토담순두부/강문해변/346커피스토리
18,https://blog.naver.com/jo_penquin?Redirect=Log&logNo=222396660138,[강원도오션뷰끝판왕호텔!]전객실오션뷰의르네블루바이워커힐디럭스룸솔직리뷰합니다~/고성송지호해수욕장
19,https://blog.naver.com/jo_penquin?Redirect=Log&logNo=222390995164,고성은너무좋아~!!!강원도고성여행(천진해수욕장-온더버튼-백도항-백도수산가리비직매장-르네블루by워커힐-송지호해수욕장-봉수대해수욕장해쉼터-만성횟집)
20,https://blog.naver.com/jo_penquin?Redirect=Log&logNo=222388999343,"혼자만의시간이필요했다고~(서순라길/월하여관,카페사사,서울집시,퀸즈가드)"
21,https://blog.naver.com/jo_penquin?Redirect=Log&logNo=222166709723,[서울호캉스추천]오라카이호텔청계산점/호캉스가필요했어~!먹고자고쉬고....
22,https://blog.naver.com/jo_penquin?Redirect=Log&logNo=222155488182,사진첩뒤적!살짝끄적!(익선동라미스콘/종로스테이크/을지로순흥옥/4.5평우동집/여행사진/순라길올랄라파리/노을)
23,https://blog.naver.com/jo_penquin?Redirect=Log&logNo=222153835413,꿀휴가!!직장인도쉼이필요해~(미사만두집/만원의행복/남양주한강뮤지엄)
24,https://blog.naver.com/jo_penquin?Redirect=Log&logNo=222153033869,11월일상(암사동지리산흑돼지/창고43/덕수궁야간개장/을지로촙촙/암사동화구닭발/오라카이청계산점/청계산등산/옥녀봉/세컨드클락카페/풍천가장어/단풍구경)
25,https://blog.naver.com/jo_penquin?Redirect=Log&logNo=222150825773,10월일상(둔촌동통로/홈메이드바질페스토/프로N잡러투잡/호호식당/창고43한우/슬로우포레스트/에어비앤비홈파티/900일기념/제주도여행/10월의마지막밤)
26,https://blog.naver.com/jo_penquin?Redirect=Log&logNo=222077073263,[고성여행마지막날]가진해변테일커피-백도항백도수산가리비-삼포해수욕장-속초연탄불생구이
27,https://blog.naver.com/jo_penquin?Redirect=Log&logNo=222073463731,[고성여행]의모든것은이포스팅하나로충분!!맛집~카페까지
28,https://blog.naver.com/jo_penquin?Redirect=Log&logNo=222071826379,"[서울근교당일치기여행]우이동계곡,풍천장어갈비마을"
29,https://blog.naver.com/jo_penquin?Redirect=Log&logNo=222070316602,"[당일치기근교나들이]북한산인수재,419거리맛집샘터마루,우이동계곡카페산아래"
30,https://blog.naver.com/jo_penquin?Redirect=Log&logNo=222057155977,특수문자이모티콘모음!(feat.서울펭귄)
31,https://blog.naver.com/jo_penquin?Redirect=Log&logNo=222056439641,"[소금집,계동이잌]잠봉뵈르먹고와인바까지~즐거웠던금요일밤!"
32,https://blog.naver.com/jo_penquin?Redirect=Log&logNo=222049776890,[을지로장만옥]을지로낮술이가능한힙지로맛집!!
33,https://blog.naver.com/jo_penquin?Redirect=Log&logNo=222047172027,[포러데이삼패]애견동반이가능한뷰좋은남양주카페
34,https://blog.naver.com/jo_penquin?Redirect=Log&logNo=222036930875,[서울근교계곡바베큐장]묘적사계곡갔다가덕소셀프바베큐장까지~완벽했던당일치기여행!!
35,https://blog.naver.com/jo_penquin?Redirect=Log&logNo=222033670732,[호캉스]서울힐튼호텔남산뷰솔직후기/도마스시/힐튼호텔수영장/힐튼호텔조식
36,https://blog.naver.com/jo_penquin?Redirect=Log&logNo=222032728202,[속초여행]속초해수욕장/봉포머구리집/이조면옥/속초바다정원/속초중앙시장현태네튀김/중앙시장진양횟집
37,https://blog.naver.com/jo_penquin?Redirect=Log&logNo=222032524722,[강릉여행]강릉씨베이호텔/알찬대게/주문진종합시장/월성식당장치찜/강릉도깨비촬영지
38,https://blog.naver.com/jo_penquin?Redirect=Log&logNo=222031326216,[가평풀빌라]수영장이너무좋은가평펜션세인트21(ST.21)
39,https://blog.naver.com/jo_penquin?Redirect=Log&logNo=222026106321,[포천썬오브글램핑]계곡과수영장이함께있는백운계곡캠핑장
40,https://blog.naver.com/jo_penquin?Redirect=Log&logNo=222013144100,[비오는수요일]크로플맛집아우프글렛/대도식당왕십리본점
41,https://blog.naver.com/jo_penquin?Redirect=Log&logNo=222010506447,[약수역꽃집추천]꽃의낙원
42,https://blog.naver.com/jo_penquin?Redirect=Log&logNo=222009713211,[강원도속초여행]속초맛집명태회냉면이조면옥/속초해수욕장/설악산등산
43,https://blog.naver.com/jo_penquin?Redirect=Log&logNo=222007758254,"[강원도속초여행]낙산해수욕장/황태구이맛집미가/속초중앙시장홍게튀김,감자전"
44,https://blog.naver.com/jo_penquin?Redirect=Log&logNo=222004716336,[강원도속초여행]속초에어비앤비추천/속초해수욕장에어비앤비/속초카페그나데
45,https://blog.naver.com/jo_penquin?Redirect=Log&logNo=222004012368,&lt;을지로맛집&gt;화덕피자맛집경일옥핏제리아/을지로카페커피사마리아
46,https://blog.naver.com/jo_penquin?Redirect=Log&logNo=222002178313,[강원도당일치기여행추천코스!]양양서피비치해수욕장/수산항해녀의집/낙산해수욕장/양양카페어느멋진날
47,https://blog.naver.com/jo_penquin?Redirect=Log&logNo=222000099327,&lt;익선동핫플추천!&gt;4.5평우동집/멧돌커피청수당
48,https://blog.naver.com/jo_penquin?Redirect=Log&logNo=221998064610,[비오는날성수동분위기좋은와인바추천]현참치/먹거리집순대국/호호세세와인/타파스맛집카페테리아라루나
49,https://blog.naver.com/jo_penquin?Redirect=Log&logNo=221996135312,[강릉카페추천]강릉카페곳/장안횟집/양평카페무어mur
50,https://blog.naver.com/jo_penquin?Redirect=Log&logNo=221995245743,[강릉숙소추천]교동주택/강릉에어비앤비
51,https://blog.naver.com/jo_penquin?Redirect=Log&logNo=221992056986,강릉여행카페추천[카페살림/교동짬뽕/안목해변카페거리로지커피]
52,https://blog.naver.com/jo_penquin?Redirect=Log&logNo=221987053348,[강릉에어비앤비추천]강릉여행가성비갑숙소추천!
53,https://blog.naver.com/jo_penquin?Redirect=Log&logNo=221983810759,[춘천나들이]서울근교나들이로딱!
54,https://blog.naver.com/jo_penquin?Redirect=Log&logNo=221980128215,[서울숲튤립위치]서울에서가볼만한공원서울숲/대성갈비웨이팅/밀도식빵
55,https://blog.naver.com/jo_penquin?Redirect=Log&logNo=221977763841,[미사강변신도시네일]미사에서맘에쏙드는미사네일샵!공네일&뷰티/망월동네일/하남네일
56,https://blog.naver.com/jo_penquin?Redirect=Log&logNo=221976682387,[서울근교등산추천]아차산등산/아차산할아버지손두부/씨드노아카페
57,https://blog.naver.com/jo_penquin?Redirect=Log&logNo=221971598547,[삼청동한옥카페추천!!]올모스트홈카페아트선재센터점
58,https://blog.naver.com/jo_penquin?Redirect=Log&logNo=221898996738,코로나땜에동네벚꽃구경으로대신!/워커힐벚꽃/명일동삼익그린벚꽃
59,https://blog.naver.com/jo_penquin?Redirect=Log&logNo=221893854500,3월일상&lt;베라로투스맛낙산아가리어터재테크공부시작미사풍천장어남친생일을지로보너스춘천나들이3월벚꽃&gt;
60,https://blog.naver.com/jo_penquin?Redirect=Log&logNo=221886696534,제주여행(0221-23)비자림/카페라라라/곰막식당/월정리카페토끼문/함덕서우봉일몰/오드랑베이커리마늘바게트
61,https://blog.naver.com/jo_penquin?Redirect=Log&logNo=221879656825,제주여행(0221-23)세화해변/성산항배시간/우도/안녕육지사람/하고수동/검멀레해변/칠돈가(성산점)
62,https://blog.naver.com/jo_penquin?Redirect=Log&logNo=221879592725,"[봄맞이대청소]곰팡이퇴치방법/벽지곰팡이,베란다곰팡이없애보자!!"
63,https://blog.naver.com/jo_penquin?Redirect=Log&logNo=221875533456,[하남미사네일샵]015네일샵/망월동네일샵
64,https://blog.naver.com/jo_penquin?Redirect=Log&logNo=221872547550,"[야스노야지로]양고기오마카세를33,000원에?실화?"
65,https://blog.naver.com/jo_penquin?Redirect=Log&logNo=221868372873,[상하치즈리코타치즈대용량]다이어트식단리코타치즈샐러드만들기때필요한리코트치즈대용량구입기!
66,https://blog.naver.com/jo_penquin?Redirect=Log&logNo=221867492767,[이태원파티룸스페이스앤]남친서프라이즈생파해주기~깜짝파티해주기에최고였던한남동파티룸!
67,https://blog.naver.com/jo_penquin?Redirect=Log&logNo=221864882750,(구좌읍에어비앤비)제주도에어비앤비숙소추천!/제주동쪽숙소
68,https://blog.naver.com/jo_penquin?Redirect=Log&logNo=221862527078,[종로미용실]이가자헤어비스종로점/종각미용실
69,https://blog.naver.com/jo_penquin?Redirect=Log&logNo=221861713075,[종로미용실]박준뷰티랩종각역점/종각미용실하오니코클리닉으로머리결되살렸어요~
70,https://blog.naver.com/jo_penquin?Redirect=Log&logNo=221855891134,제주여행(0221-23)고집돌우럭/동문시장/함덕해수욕장/풍림다방/구좌읍에어비앤비
71,https://blog.naver.com/jo_penquin?Redirect=Log&logNo=221837522707,"2월일상&lt;내생일,함박눈,종로먹방,제주도여행,다이어트시작,기생충4관왕&gt;"
72,https://blog.naver.com/jo_penquin?Redirect=Log&logNo=221798593453,서울에어비앤비추천!해방촌미도보(에어비앤비할인코드)
73,https://blog.naver.com/jo_penquin?Redirect=Log&logNo=221790379139,&lt;2019연말여행&gt;경주포항여행/포항해돋이(19.12.29~20.01.01)
74,https://blog.naver.com/jo_penquin?Redirect=Log&logNo=221786981805,&lt;2019연말여행&gt;경주포항여행/포항02(19.12.29~20.01.01)
75,https://blog.naver.com/jo_penquin?Redirect=Log&logNo=221785815402,&lt;2019연말여행&gt;경주포항여행/포항01(19.12.29~20.01.01)
76,https://blog.naver.com/jo_penquin?Redirect=Log&logNo=221785578919,[2020년1월일상]익선동맛집/홍롱롱/낙원꽃분식/우성상사/영춘옥/해중천반점
77,https://blog.naver.com/jo_penquin?Redirect=Log&logNo=221781465124,&lt;2019연말여행&gt;경주포항여행/경주02(19.12.29~20.01.01)
78,https://blog.naver.com/jo_penquin?Redirect=Log&logNo=221774465298,&lt;2019연말여행&gt;경주포항여행19.12.29~20.01.01
79,https://blog.naver.com/jo_penquin?Redirect=Log&logNo=221773822791,[세라세]아트파라디소호텔의퓨전한식레스토랑/파라다이스시티호텔
80,https://blog.naver.com/jo_penquin?Redirect=Log&logNo=221770530558,[일상기록]2020년1월-포항여행/감기/육전식당/레이어드스콘/롯데월드몰에맥앤볼리오스/레이어드스콘/러브레터재개봉
81,https://blog.naver.com/jo_penquin?Redirect=Log&logNo=221761525769,[연아이래쉬]에서아찔한속눈썹펌하고왔다/천호동속눈썹/강동역속눈썹/성내동속눈썹연장
82,https://blog.naver.com/jo_penquin?Redirect=Log&logNo=221741686546,"을지로맛집추천&lt;우래옥,을지다락,섬광,을지로맨틱,문스타파&gt;"
83,https://blog.naver.com/jo_penquin?Redirect=Log&logNo=221734864892,[세운상가맛집추천]계림/다전식당/이멜다분식/호랑이카페/구움양과/챔프커피
84,https://blog.naver.com/jo_penquin?Redirect=Log&logNo=221733663131,&lt;종로5가광장시장맛집추천!&gt;자매집육회/순희네빈대떡/꽈배기/수정분식칼국수&비빔칼국수/은성횟집대구매운탕/백종원누드김밥/오제도카페/광장시장수입상가)
85,https://blog.naver.com/jo_penquin?Redirect=Log&logNo=221731792970,"&lt;2019_연말모임&gt;천호동맛집해중천반점,천호동양꼬치,이집진짜찐맛집!"
86,https://blog.naver.com/jo_penquin?Redirect=Log&logNo=221731732223,"밀린일상&lt;개뿔카페,PLACE301,대원식당,피맥컴퍼니,보라카이여행&gt;"
87,https://blog.naver.com/jo_penquin?Redirect=Log&logNo=221683867839,잘지내고있답니다!
88,https://blog.naver.com/jo_penquin?Redirect=Log&logNo=221661795883,"그동안(캠핑,호캉스,출근)"
89,https://blog.naver.com/jo_penquin?Redirect=Log&logNo=221632226780,[이번주일상]0819-23/휴가끝!/카페마마스/카페앳웍스/신토불이떡볶이/을지로챔프커피/메드포갈릭센터원점
90,https://blog.naver.com/jo_penquin?Redirect=Log&logNo=221632194438,[주말일상]휴가중입니다~
91,https://blog.naver.com/jo_penquin?Redirect=Log&logNo=221623306432,[일상기록]마라상궈/미친졸음/치과
92,https://blog.naver.com/jo_penquin?Redirect=Log&logNo=221622873472,[주말일상]하남스타필드/캠핑/강동그린웨이캠핑장
93,https://blog.naver.com/jo_penquin?Redirect=Log&logNo=221621380237,[이번주일상]아크앤북/오미식당/샤오짠/명동이니스프리카페/스시M/광장시장/에어팟
94,https://blog.naver.com/jo_penquin?Redirect=Log&logNo=221619802595,[하남포레스트웨이]서울근교계곡이있는검단산숲길카페/계곡카페
95,https://blog.naver.com/jo_penquin?Redirect=Log&logNo=221617137569,[동대문해룡마라룽샤]동대문ddp맛집/동대문역사문화공원역맛집
96,https://blog.naver.com/jo_penquin?Redirect=Log&logNo=221616404497,[참숯92닭갈비]명동맛집/명동닭갈비
97,https://blog.naver.com/jo_penquin?Redirect=Log&logNo=221615891874,[명동준오헤어4호점]명동미용실추천
98,https://blog.naver.com/jo_penquin?Redirect=Log&logNo=221611937397,[주말일상]송도병원건강검진/검단산계곡/검단산숲길(ForestWay)카페
99,https://blog.naver.com/jo_penquin?Redirect=Log&logNo=221609476730,[이번주일상]을지면옥/호랑이카페/만선호프/학원전/아리차이/대장내시경준비
100,https://blog.naver.com/jo_penquin?Redirect=Log&logNo=221608302715,[아트파라디소부대시설]파라다이스시티수영장/크로마클럽/갤러리아트스페이스/GYM/무료미니바
101,https://blog.naver.com/jo_penquin?Redirect=Log&logNo=221607690175,[주말일상]내시경실패/조카랑주말
102,https://blog.naver.com/jo_penquin?Redirect=Log&logNo=221607662031,[이번주일상]프리랜서회사생활/하동관/명동성당/양미옥/소년식당/대장내시경준비하기
103,https://blog.naver.com/jo_penquin?Redirect=Log&logNo=221606846185,[인천아트파라디소]파라다이스시티아트파라디소호텔디럭스스위트에서제대로호캉스!!
104,https://blog.naver.com/jo_penquin?Redirect=Log&logNo=221606785869,[명동토브골프&필라테스]나인트리호텔에있는헬스와필라테스까지가능한실내골프연습장/을지로골프
105,https://blog.naver.com/jo_penquin?Redirect=Log&logNo=221591866828,[주말일상]하남스타필드/회전초밥/베키아에누보/고덕도서관
106,https://blog.naver.com/jo_penquin?Redirect=Log&logNo=221591230308,[랍스타킹]암사동에몇안되는랍스타전문점/암사동맛집
107,https://blog.naver.com/jo_penquin?Redirect=Log&logNo=221590615508,[이번주일상]프리랜서의직장생활이야기/을지로입구/호랑이카페/송도병원
108,https://blog.naver.com/jo_penquin?Redirect=Log&logNo=221588808645,[암사시장]암사시장맛집암사닭강정핫떡떡볶이
109,https://blog.naver.com/jo_penquin?Redirect=Log&logNo=221587381361,[한강텐트대여]여의도한강공원브라운텐트&피크닉대여후기및가격정보
110,https://blog.naver.com/jo_penquin?Redirect=Log&logNo=221586150265,[주말일상]여름휴가계획짜기/미술학원/랍스타킹/이학순베이커리/수작나베
111,https://blog.naver.com/jo_penquin?Redirect=Log&logNo=221585649569,[잠실취미미술학원]성인취미미술로직장스트레스날리고힐링해요~
112,https://blog.naver.com/jo_penquin?Redirect=Log&logNo=221585040049,[이번주일상]프리랜서직장생활/크리에잇쿠키/다리원/육회/차알/하프커피
113,https://blog.naver.com/jo_penquin?Redirect=Log&logNo=221583889138,[플레아드블랑]해운대앞가성비좋은취사가능호텔!
114,https://blog.naver.com/jo_penquin?Redirect=Log&logNo=221581979914,[부산여행3일차]플레아드블랑/미포새아침맛집/박옥희할매집원조복국/미포철길
115,https://blog.naver.com/jo_penquin?Redirect=Log&logNo=221581141824,이번주일상(예술의전당/조카탄생/흑화당/DDR/한약방/감초식당/만석닭강정)
116,https://blog.naver.com/jo_penquin?Redirect=Log&logNo=221577123233,[파파택시]남들이타다택시탈때나는파파택시!/차량호출서비스
117,https://blog.naver.com/jo_penquin?Redirect=Log&logNo=221576678118,[주말일상]아빠생신/캐리비안베이
118,https://blog.naver.com/jo_penquin?Redirect=Log&logNo=221576077400,[일상]올림픽공원/피크닉전시회/피나바우쉬/정창욱쉐프금산제면소/로이터커피/안동장/호랑이카페/Havenue/또오리
119,https://blog.naver.com/jo_penquin?Redirect=Log&logNo=221574489257,[강동역필라테스]손예진운동TRX가있는제니필라테스강동역점
120,https://blog.naver.com/jo_penquin?Redirect=Log&logNo=221572679999,"[삼끼막창]막창,곱창이맛있는명일동맛집"
121,https://blog.naver.com/jo_penquin?Redirect=Log&logNo=221572080500,[주말일상]세상의모든아침/여의도한강공원피크닉
122,https://blog.naver.com/jo_penquin?Redirect=Log&logNo=221571629122,[잠실취미미술학원]직장인취미생활로성인미술시작!
123,https://blog.naver.com/jo_penquin?Redirect=Log&logNo=221570572685,[명륜진사갈비명일점]숯불갈비무한리필먹을수있는굽은다리맛집
124,https://blog.naver.com/jo_penquin?Redirect=Log&logNo=221570213605,펭귄조의먹로그_01
125,https://blog.naver.com/jo_penquin?Redirect=Log&logNo=221568806416,[주말일상]기생충/버거킹/광나루한강
126,https://blog.naver.com/jo_penquin?Redirect=Log&logNo=221568307436,[일상]취미미술시작/스테이크/도서관/필라테스/병원
127,https://blog.naver.com/jo_penquin?Redirect=Log&logNo=221567482046,[갸또마마]명일동에서진짜맛있는빵을파는명일동빵집/명일동카페
128,https://blog.naver.com/jo_penquin?Redirect=Log&logNo=221566900757,[부산일루아호텔]바다전망오션뷰가예뻐서호캉스하기딱좋은부산호텔/달맞이길호텔/부산스파호텔
129,https://blog.naver.com/jo_penquin?Redirect=Log&logNo=221565271241,[강동역필라테스]제니필라테스/손예진운동TRX로뚠뚠이탈출할꺼야!!(제니필라테스강동역점)
130,https://blog.naver.com/jo_penquin?Redirect=Log&logNo=221565184037,[부산요트투어]로맨틱하게광안대교를보고싶다면?해운대요트투어(feat.요트탈래)/부산이색데이트
131,https://blog.naver.com/jo_penquin?Redirect=Log&logNo=221564449139,[부산여행2일차]해운대해수욕장/블랙업해수염커피/상국이네/해리단길/흰여울문화마을
132,https://blog.naver.com/jo_penquin?Redirect=Log&logNo=221563636189,[주말일상]U20축구석촌호수응원전/주말한강나들이
133,https://blog.naver.com/jo_penquin?Redirect=Log&logNo=221563535953,[부산여행1일차]부산일루아호텔/미포끝집/미포조개구이신선장/올어바웃월드서퍼
134,https://blog.naver.com/jo_penquin?Redirect=Log&logNo=221562728401,[이번주일상]예술의전당/TRX/필라테스/명일동막창
135,https://blog.naver.com/jo_penquin?Redirect=Log&logNo=221562607370,[강릉맛집]이모네생선찜못갔다고서운해말고고성생선찜으로고고!!가오리찜이끝내주는원인숙고성생선찜
136,https://blog.naver.com/jo_penquin?Redirect=Log&logNo=221562369089,[강원도강릉여행3일차]안목해변/카페거리보사노바/고성생선찜/가오리찜/툇마루
137,https://blog.naver.com/jo_penquin?Redirect=Log&logNo=221560709112,[경포오션힐펜션]루프탑이예쁜경포스파펜션/강릉오션힐펜션/강릉스파펜션
138,https://blog.naver.com/jo_penquin?Redirect=Log&logNo=221560572162,[우리동네타이]명일동가성비갑태국마사지/명일동마사지/강동구태국마사지
139,https://blog.naver.com/jo_penquin?Redirect=Log&logNo=221559360874,[본크레페]성신여대크레페맛집/성신여대본크레페/성신여대디저트
140,https://blog.naver.com/jo_penquin?Redirect=Log&logNo=221559081502,[띠부띠부팁]떼고붙이면끝!여름패디1분만에간단하게끝/젤라또팩토리띠부띠부팁
141,https://blog.naver.com/jo_penquin?Redirect=Log&logNo=221555493780,[옛날농장]옛날농장압구정/압구정역맛집/신사동맛집/신사동고기집/압구정회식장소
142,https://blog.naver.com/jo_penquin?Redirect=Log&logNo=221553793687,[성신여대맛집]본크레페/추억의옛날떡볶이/솔리드웍스
143,https://blog.naver.com/jo_penquin?Redirect=Log&logNo=221552697079,[논골담길]동해가볼만한곳/논골담길/동화가든짬뽕순두부/주문진수산시장/동해벽화마을/강원도벽화마을/동해여행
144,https://blog.naver.com/jo_penquin?Redirect=Log&logNo=221551650543,[오프토코offtoco백팩]여성백팩/카메라가방/노트북가방
145,https://blog.naver.com/jo_penquin?Redirect=Log&logNo=221549514289,[램니쿠야]배민으로배달되는성내동양갈비/성내동고기집/성내동회식
146,https://blog.naver.com/jo_penquin?Redirect=Log&logNo=221543354121,[미성양꼬치]명일동미성양꼬치/강동구데이트/강동구양꼬치/서울양꼬치
147,https://blog.naver.com/jo_penquin?Redirect=Log&logNo=221538386227,"[카페아이아이]잠발라야가맛있는이태원브런치,경리단길맛집"
148,https://blog.naver.com/jo_penquin?Redirect=Log&logNo=221537597626,[조선제일쭈꾸미삼겹살]쭈구미철/강동쭈꾸미/강동쭈꾸미맛집/고덕맛집
149,https://blog.naver.com/jo_penquin?Redirect=Log&logNo=221537485916,"[강원도삼척여행2일차]임원항방파제식당,덕성식당/장호항,장호해수욕장/문화제과점,삼척꽈배기/삼척맹방유채꽃축제"
150,https://blog.naver.com/jo_penquin?Redirect=Log&logNo=221532595297,[암사골엄나무닭옻닭본가]암사동보양식/암사동회식추천/암사동백숙맛집
151,https://blog.naver.com/jo_penquin?Redirect=Log&logNo=221531997600,[비치힐풀빌라펜션]강원도삼척여행비치힐펜션/삼척펜션/강원도펜션
152,https://blog.naver.com/jo_penquin?Redirect=Log&logNo=221531689407,"[강원도삼척여행1일차]삼척레일바이크,성원닭갈비,삼척항대게거리"
153,https://blog.naver.com/jo_penquin?Redirect=Log&logNo=221520244402,[이태리콜루시크래커]다이어트과자추천!이태리통밀크래커
154,https://blog.naver.com/jo_penquin?Redirect=Log&logNo=221518745465,[사뽀에스킨케어]고덕역피부관리는사뽀에/명일동피부관리
155,https://blog.naver.com/jo_penquin?Redirect=Log&logNo=221518422942,[벚꽃구경01]어린이대공원봄나들이/나들이/소풍
156,https://blog.naver.com/jo_penquin?Redirect=Log&logNo=221518382735,[독일비올라뮤즐리]다이어트식단뮤즐리추천!!비올라다이어트시리얼
157,https://blog.naver.com/jo_penquin?Redirect=Log&logNo=221517157492,[네일라인]봄네일하러미사강변네일샵!/미사네일/하남네일
158,https://blog.naver.com/jo_penquin?Redirect=Log&logNo=221515523047,[마리나베이호텔]가성비좋은서울호캉스찾는다면?김포마리나베이
159,https://blog.naver.com/jo_penquin?Redirect=Log&logNo=221513640500,[스모키살룬]180g패티가들어가는미국수제버거/이태원수제버거맛집/이태원맛집
160,https://blog.naver.com/jo_penquin?Redirect=Log&logNo=221511000397,[카페하나미]망월천이보이는미사브런치카페/미사카페/하남카페
161,https://blog.naver.com/jo_penquin?Redirect=Log&logNo=221508843997,[이태원콩카페]벚꽃볼수있는루프탑카페/벚꽃카페/콩카페
162,https://blog.naver.com/jo_penquin?Redirect=Log&logNo=221507072054,&lt;30대마지막생일_03&gt;02.26~3.3
163,https://blog.naver.com/jo_penquin?Redirect=Log&logNo=221506727733,[아크앤북]을지로에핫한서점/을지로서점/디스트릭스C
164,https://blog.naver.com/jo_penquin?Redirect=Log&logNo=221504850173,[오지힐]이태원루프탑/호주식파블로바를파는경리단길루프탑카페
165,https://blog.naver.com/jo_penquin?Redirect=Log&logNo=221504072786,[경리단길]불필요상점
166,https://blog.naver.com/jo_penquin?Redirect=Log&logNo=221501105038,[호랑이카페]라떼가맛있는을지로카페/호랑이카페
167,https://blog.naver.com/jo_penquin?Redirect=Log&logNo=221500789217,[티지오테르광장점]구김청경오테르/광나루역미용실/광장동미용실
168,https://blog.naver.com/jo_penquin?Redirect=Log&logNo=221500074973,[에르제땡땡전]예술의전당전시회/에르제땡땡/HERGEtintin
169,https://blog.naver.com/jo_penquin?Redirect=Log&logNo=221499800360,&lt;30대마지막생일_02&gt;02.21~24
170,https://blog.naver.com/jo_penquin?Redirect=Log&logNo=221498779728,"[골드참치]강동구참치,천호동참치"
171,https://blog.naver.com/jo_penquin?Redirect=Log&logNo=221498171563,"[헤어코코]명일동미용실/극손상모전문/신데렐라클리닉,복구클리닉"
172,https://blog.naver.com/jo_penquin?Redirect=Log&logNo=221498075370,"[아라벨르]천호왁싱,천호왁싱샵,천호브라질리언왁싱,강동구왁싱"
173,https://blog.naver.com/jo_penquin?Redirect=Log&logNo=221494626034,"[포탈라]티베트음식점/종로인도음식맛집,청계천데이트/종각역데이트"
174,https://blog.naver.com/jo_penquin?Redirect=Log&logNo=221494571157,[라이온킹]라이온킹내한공연/예술의전당공연관람TIP!/오페라극장
175,https://blog.naver.com/jo_penquin?Redirect=Log&logNo=221493279045,"[트윈트리]남양주한강뷰카페,남양주분위기좋은카페"
176,https://blog.naver.com/jo_penquin?Redirect=Log&logNo=221492892454,전참시이영자추천![일심본가콩요리]건강하고맛있는콩요리가있는양수리맛집/팔당드라이브
177,https://blog.naver.com/jo_penquin?Redirect=Log&logNo=221492711704,[스테이크나인][커피샤워]가성비갑스테이크/별내/남양주스테이크
178,https://blog.naver.com/jo_penquin?Redirect=Log&logNo=221492400862,[원두막]보양식맛볼수있는고덕동오리백숙/능이백숙
179,https://blog.naver.com/jo_penquin?Redirect=Log&logNo=221492282454,[누메로도스]재방문하고싶은성수동맛집/뚝섬역/서울숲/NUMERODOS
180,https://blog.naver.com/jo_penquin?Redirect=Log&logNo=221490681512,"[타이거원]스크래치몬스터리무버/덴트,문콕에는컴파운드"
181,https://blog.naver.com/jo_penquin?Redirect=Log&logNo=221489098963,[들풀]경복궁한정식/경복궁맛집/들풀청운동점
182,https://blog.naver.com/jo_penquin?Redirect=Log&logNo=221487993625,[홍연화관]커플사진촬영/해방촌신흥시장구경/시장횟집
183,https://blog.naver.com/jo_penquin?Redirect=Log&logNo=221487727539,&lt;30대마지막생일날_01&gt;02.20
184,https://blog.naver.com/jo_penquin?Redirect=Log&logNo=221486355944,[솜솜베이커리]화이트데이선물♡서울뚱카롱맛집/암사동솜솜마카롱/솜솜베이커리
185,https://blog.naver.com/jo_penquin?Redirect=Log&logNo=221482943253,[casa14-2]대학로데이트/가성비좋은대학로와인
186,https://blog.naver.com/jo_penquin?Redirect=Log&logNo=221483329284,[유리카링거펜]속눈썹영양제링거펜
187,https://blog.naver.com/jo_penquin?Redirect=Log&logNo=221482902397,[진미통닭]수원통닭거리원조!수원통닭맛집
188,https://blog.naver.com/jo_penquin?Redirect=Log&logNo=221482773025,"[풍촌코다리네]암사동맛집,강동코다리맛집"
189,https://blog.naver.com/jo_penquin?Redirect=Log&logNo=221481510594,&lt;일상기록02.22~24&gt;수원부부네방문기
190,https://blog.naver.com/jo_penquin?Redirect=Log&logNo=221480240970,[꿀하우스]곰돌이푸우카페/이태원경리단길
191,https://blog.naver.com/jo_penquin?Redirect=Log&logNo=221479910337,[테트라포드브루잉]if디자인어워드에서상받은이태원피맥펍
192,https://blog.naver.com/jo_penquin?Redirect=Log&logNo=221474750729,"[동래복집]하남시맛집,미사리맛집,동래복국"
193,https://blog.naver.com/jo_penquin?Redirect=Log&logNo=221473952550,[코코네일&속눈썹]헤어코코/명일동네일샵
194,https://blog.naver.com/jo_penquin?Redirect=Log&logNo=221472968308,"[쪼리375]대학로닭볶음탕,대학로닭도리탕"
195,https://blog.naver.com/jo_penquin?Redirect=Log&logNo=221471988019,[샤오미미지아손세정기2세대]샤오미손세정기리필방법
196,https://blog.naver.com/jo_penquin?Redirect=Log&logNo=221471751178,"[래쉬라운지]속눈썹연장/천호속눈썹,천호왁싱"
197,https://blog.naver.com/jo_penquin?Redirect=Log&logNo=221469952816,&lt;2월셋째주&gt;이번주일상:2.11~2.17일
198,https://blog.naver.com/jo_penquin?Redirect=Log&logNo=221469706515,[커피사회전시회]커피사회전기간연장~3.3/문화역서울284(구서울역)/커피도맛볼수있는전시/서울스퀘어주차요금
199,https://blog.naver.com/jo_penquin?Redirect=Log&logNo=221466460973,발렌타인데이일상!
200,https://blog.naver.com/jo_penquin?Redirect=Log&logNo=221465139277,[이정웅스페이스]북한강을볼수있는뷰가멋진가평갤러리카페
201,https://blog.naver.com/jo_penquin?Redirect=Log&logNo=221464637768,[페리페라이벤트]틴트공짜로받는법!
202,https://blog.naver.com/jo_penquin?Redirect=Log&logNo=221464574641,[아이포쌀국수]쌀국수파는강동술집/강동포차
203,https://blog.naver.com/jo_penquin?Redirect=Log&logNo=221463481457,[아차산로59카페]구리시한옥카페
204,https://blog.naver.com/jo_penquin?Redirect=Log&logNo=221463019406,&lt;2월둘째주&gt;이번주일상:2.4~2.10일
205,https://blog.naver.com/jo_penquin?Redirect=Log&logNo=221462970858,[물피도주]이렇게해결하세요!맴찢하고깨달은교훈들
206,https://blog.naver.com/jo_penquin?Redirect=Log&logNo=221462224940,[바다포도]오키나와에서사온우미부도
207,https://blog.naver.com/jo_penquin?Redirect=Log&logNo=221460781386,[팔오수산]암사동젊은감각의횟집/강동구횟집
208,https://blog.naver.com/jo_penquin?Redirect=Log&logNo=221460345747,[청평여행에어비앤비숙소]젠스페이보릿펜션/젠하이드어웨이ZENHIDEAWAY_02
209,https://blog.naver.com/jo_penquin?Redirect=Log&logNo=221460055171,[청평여행에어비앤비숙소]젠스페이보릿펜션/젠하이드어웨이ZENHIDEAWAY_01
210,https://blog.naver.com/jo_penquin?Redirect=Log&logNo=221459088486,&lt;1월다섯째주&gt;이번주일상:1.28~2.3일
211,https://blog.naver.com/jo_penquin?Redirect=Log&logNo=221459011075,[황소곱창and수라면가]하남곱창맛집
212,https://blog.naver.com/jo_penquin?Redirect=Log&logNo=221457672585,[블랑조]쇼핑도할수있는하남카페블랑조스튜디오
213,https://blog.naver.com/jo_penquin?Redirect=Log&logNo=221457086372,[더앨리]버블티가맛있는가로수길카페/홍콩밀크티대만밀크티
214,https://blog.naver.com/jo_penquin?Redirect=Log&logNo=221456793622,[빠오즈푸]만두가맛있는어린이대공원맛집
215,https://blog.naver.com/jo_penquin?Redirect=Log&logNo=221456751204,[스윗솔트]명일동예쁜숲속카페
216,https://blog.naver.com/jo_penquin?Redirect=Log&logNo=221454531460,&lt;1월넷째주&gt;이번주일상:1.21~1.27일
217,https://blog.naver.com/jo_penquin?Redirect=Log&logNo=221451297020,[천호준오헤어]서하디자이너/천호역미용실
218,https://blog.naver.com/jo_penquin?Redirect=Log&logNo=221450355273,&lt;1월셋째주&gt;이번주일상:1.14~1.20일
219,https://blog.naver.com/jo_penquin?Redirect=Log&logNo=221449848081,[수요미식회마제소바맛집!]멘야세븐:길동맛집!
220,https://blog.naver.com/jo_penquin?Redirect=Log&logNo=221447247696,[삼청동맛집투어]삼청동호떡/풍년떡꼬치/마리웨일마카롱/소선재/감동칩스/지유가오카핫초메
221,https://blog.naver.com/jo_penquin?Redirect=Log&logNo=221444436876,[몽땅족발]천호동족발골목:천호동맛집:천호동배달족발:강동구족발배달/몽땅족발배달
222,https://blog.naver.com/jo_penquin?Redirect=Log&logNo=221442185114,[컬러콕]이미지컨설턴트강사양성잘하는곳!:퍼스널컬러컨설턴트:퍼스널컬러자격증
223,https://blog.naver.com/jo_penquin?Redirect=Log&logNo=221441564813,[등나무집]꼬리찜맛집:신대방맛집:소꼬리찜
224,https://blog.naver.com/jo_penquin?Redirect=Log&logNo=221441038764,&lt;1월둘째주&gt;이번주일상:1.7~1.13일
225,https://blog.naver.com/jo_penquin?Redirect=Log&logNo=221440911916,[문래동]문래동예술촌:양키통닭:러스트베이커리:문래창작촌
226,https://blog.naver.com/jo_penquin?Redirect=Log&logNo=221439968990,[가배도]송리단길카페/송리단
227,https://blog.naver.com/jo_penquin?Redirect=Log&logNo=221440052560,"[명일동JUNOHAIR]연주실장님/명일동미용실,명일역미용실,준오헤어명일역점"
228,https://blog.naver.com/jo_penquin?Redirect=Log&logNo=221439781031,&lt;12월마지막주1월첫째주&gt;이번주일상:12.26~1.6일
229,https://blog.naver.com/jo_penquin?Redirect=Log&logNo=221438582915,[영춘옥]종로3가노포맛집/소고기뼈다귀찜/종로맛집
230,https://blog.naver.com/jo_penquin?Redirect=Log&logNo=221438338947,"[래쉬걸]길동속눈썹연장잘하는곳/속눈썹연장전문샵/길동속눈썹,천호속눈썹,천호속눈썹연장,길동속눈썹연장"
231,https://blog.naver.com/jo_penquin?Redirect=Log&logNo=221438188719,[오로라베이커리]남양주한강뷰카페:오로라베이커리카페
232,https://blog.naver.com/jo_penquin?Redirect=Log&logNo=221437359759,[호텔세느장]익선동카페/세느장/그랜드부다페스트호텔
233,https://blog.naver.com/jo_penquin?Redirect=Log&logNo=221436613240,[열불날개]천호동닭발맛집/천호열불날개/열불날개천호천호맛집/천호역맛집/천호막창/천호닭발
234,https://blog.naver.com/jo_penquin?Redirect=Log&logNo=221436456632,[컬러콕]퍼스널컬러진단잘하는곳
235,https://blog.naver.com/jo_penquin?Redirect=Log&logNo=221432533012,[암사동조개찜터]식신로드맛집/암사동맛집/강동구맛집/암사동조개찜
236,https://blog.naver.com/jo_penquin?Redirect=Log&logNo=221432112456,&lt;2019년첫째날&gt;1월1일
237,https://blog.naver.com/jo_penquin?Redirect=Log&logNo=221432094819,&lt;2018년마지막날&gt;12월31일
238,https://blog.naver.com/jo_penquin?Redirect=Log&logNo=221430436188,[BLT스테이크]수요미식회/JW메리어트호텔/동리엇/동대문메리어트호텔/티본스테이크맛집
239,https://blog.naver.com/jo_penquin?Redirect=Log&logNo=221429839976,[명인등심]투뿔한우를합리적인가격에먹을수있는곳/한우특등심전문점/1한우
240,https://blog.naver.com/jo_penquin?Redirect=Log&logNo=221429797376,&lt;12월셋째주&gt;이번주일상:12.17~12.23일
241,https://blog.naver.com/jo_penquin?Redirect=Log&logNo=221428787159,[서울해돋이명소]어디로보러갈까?인기해돋이명소18곳:2019기해년(己亥年)해맞이행사:서울해돋이장소:해돋이:일출시간
242,https://blog.naver.com/jo_penquin?Redirect=Log&logNo=221428236530,&lt;일상&gt;2018크리스마스♡12.25
243,https://blog.naver.com/jo_penquin?Redirect=Log&logNo=221426503223,&lt;일상&gt;2018크리스마스이브♡12.24
244,https://blog.naver.com/jo_penquin?Redirect=Log&logNo=221423251082,2018제주♥제주먹방/겨울제주도가면먹어야할것/방어:꿩:제주맛집
245,https://blog.naver.com/jo_penquin?Redirect=Log&logNo=221422913363,[블랑제메종북악]밤부베이커리카페/성북동카페/밤부/밤부베이커리북악
246,https://blog.naver.com/jo_penquin?Redirect=Log&logNo=221422876400,[진미간장게장]화사간장게장♡화사먹방/본가진미간장게장/간장게장맛집/본가진미간장게장
247,https://blog.naver.com/jo_penquin?Redirect=Log&logNo=221421951658,[제이제이브로우]성신여대브로우샵:성신여대눈썹왁싱
248,https://blog.naver.com/jo_penquin?Redirect=Log&logNo=221421608796,&lt;12월둘째주&gt;이번주일상:12.10~12.16일
249,https://blog.naver.com/jo_penquin?Redirect=Log&logNo=221419718212,2018제주♥꿩고기/메밀꽃차롱/겨울제주에서꼭맛봐야할음식/꿩만두/꿩고기샤브샤브/제주도맛집
250,https://blog.naver.com/jo_penquin?Redirect=Log&logNo=221419525925,[Elim엘림플라워카페]미사지구:플라워클래스:드라이플라워
251,https://blog.naver.com/jo_penquin?Redirect=Log&logNo=221417334576,2018제주♥제주도에서겨울에도유채꽃볼수있는곳:광치기해변:짱구네:에덴의동쪽
252,https://blog.naver.com/jo_penquin?Redirect=Log&logNo=221416197036,"[B급상품의반란!]리퍼샵:이유몰,떠리몰,임박몰,프레시어글리"
253,https://blog.naver.com/jo_penquin?Redirect=Log&logNo=221416094706,&lt;12월첫째주&gt;이번주일상:12.3~12.9일
254,https://blog.naver.com/jo_penquin?Redirect=Log&logNo=221415070133,[젤라띠젤라띠]이천쌀아이스크림
255,https://blog.naver.com/jo_penquin?Redirect=Log&logNo=221414092027,[보헤미안랩소디싱어롱상영관]스크린X:싱어롱연장:MX
256,https://blog.naver.com/jo_penquin?Redirect=Log&logNo=221413855163,2018제주♥애기동백군락지:동백포레스트:애기동백vs동백꽃차이점
257,https://blog.naver.com/jo_penquin?Redirect=Log&logNo=221413790983,[명일원조닭발]명일시장닭발:명일동맛집:명일동닭발
258,https://blog.naver.com/jo_penquin?Redirect=Log&logNo=221413168015,라이온킹뮤지컬3차예매하는방법
259,https://blog.naver.com/jo_penquin?Redirect=Log&logNo=221412795062,제주도♥뷰가예쁜하이엔드제주:애월카페
260,https://blog.naver.com/jo_penquin?Redirect=Log&logNo=221412206899,[미성양꼬치]명일동맛집♡미성양꼬치:마라탕:명일동양꼬치
261,https://blog.naver.com/jo_penquin?Redirect=Log&logNo=221411166959,&lt;11월다섯째주&gt;이번주일상:11.26~12.2일
262,https://blog.naver.com/jo_penquin?Redirect=Log&logNo=221410541105,"2018제주♥함덕해수욕장,서우봉:겨울제주도"
263,https://blog.naver.com/jo_penquin?Redirect=Log&logNo=221409901177,"[2001아울렛]크리스마스인테리어,크리스마스소품사려면"
264,https://blog.naver.com/jo_penquin?Redirect=Log&logNo=221409776881,2018제주♥억새가아름다운새별오름(애월)
265,https://blog.naver.com/jo_penquin?Redirect=Log&logNo=221407032972,"가장높은곳에있는미술관:63아트(커피한잔),63빌딩전망대:미술관산책"
266,https://blog.naver.com/jo_penquin?Redirect=Log&logNo=221406099859,&lt;11월넷째주&gt;이번주일상:11.19~25일
267,https://blog.naver.com/jo_penquin?Redirect=Log&logNo=221405711959,"[63빌딩백리향]연말모임장소:미슐랭맛집,블루리본서베이"
268,https://blog.naver.com/jo_penquin?Redirect=Log&logNo=221405313201,&lt;일상&gt;2018첫눈
269,https://blog.naver.com/jo_penquin?Redirect=Log&logNo=221405207855,[스타벅스다이어리]스벅플래너:스벅신메뉴:e프리퀀시
270,https://blog.naver.com/jo_penquin?Redirect=Log&logNo=221404462815,[펭귄네꼬막비빔밥]엄지네꼬막비빔밥따라하기
271,https://blog.naver.com/jo_penquin?Redirect=Log&logNo=221403750038,섹시춤배우고왔어요~댄스왕이될꺼야!:비타무브먼트(캣무브)
272,https://blog.naver.com/jo_penquin?Redirect=Log&logNo=221403471286,[명불허전원조골뱅이]명일동:골뱅이탕
273,https://blog.naver.com/jo_penquin?Redirect=Log&logNo=221403119174,"[익선동맛집]살라댕방콕,시미시미"
274,https://blog.naver.com/jo_penquin?Redirect=Log&logNo=221402393350,[수요미식회을지로노가리]만선호프/을지로노가리골목/을지로노가리/수요미식회노가리골목/수요미식회을지로
275,https://blog.naver.com/jo_penquin?Redirect=Log&logNo=221402270146,2018광명동굴♥가을단풍구경
276,https://blog.naver.com/jo_penquin?Redirect=Log&logNo=221401475110,"[송리단길카페]경성광장,베이커온도"
277,https://blog.naver.com/jo_penquin?Redirect=Log&logNo=221401254059,[니엔테]Niente:송리단길맛집
278,https://blog.naver.com/jo_penquin?Redirect=Log&logNo=221400851902,[닭가슴살맛나게먹기]없애기?
279,https://blog.naver.com/jo_penquin?Redirect=Log&logNo=221400471092,[소진담]미사카페
280,https://blog.naver.com/jo_penquin?Redirect=Log&logNo=221400464985,동묘구제시장_미우새임원희고기튀김
281,https://blog.naver.com/jo_penquin?Redirect=Log&logNo=221400439181,을지로3탄[을지로카페]클래직&호텔수선화
282,https://blog.naver.com/jo_penquin?Redirect=Log&logNo=221400361458,"수요미식회을지로카페/을지로2탄[밥블레스유카페]혜민당,커피한약방"
283,https://blog.naver.com/jo_penquin?Redirect=Log&logNo=221400149071,"[수요미식회을지로골뱅이]수요미식회을지로/영락골뱅이&분카샤/을지로골뱅이골목/을지로1탄[을지로카페,을지로골뱅이]"
284,https://blog.naver.com/jo_penquin?Redirect=Log&logNo=221399950695,한남동오복수산
285,https://blog.naver.com/jo_penquin?Redirect=Log&logNo=221399944901,명일동_선술집39
286,https://blog.naver.com/jo_penquin?Redirect=Log&logNo=221399824028,[하우스베이커리]hausbakery/양평카페
287,https://blog.naver.com/jo_penquin?Redirect=Log&logNo=221390580864,백종원골목식당_성내동강풀만화거리1탄(피콜로&베른)
288,https://blog.naver.com/jo_penquin?Redirect=Log&logNo=221389890974,[보그앤보야지(롤리트롤리)]하남스타필드스타상품프로젝트
289,https://blog.naver.com/jo_penquin?Redirect=Log&logNo=221389528330,할로윈은역시이태원
290,https://blog.naver.com/jo_penquin?Redirect=Log&logNo=220826446645,님도쉐프님도셰프명일점
291,https://blog.naver.com/jo_penquin?Redirect=Log&logNo=220816817666,강남역:세루리안커피플랫그린티(센트럴푸르지오시티2층)
292,https://blog.naver.com/jo_penquin?Redirect=Log&logNo=220814307713,오금동카페:프로퍼커피바
293,https://blog.naver.com/jo_penquin?Redirect=Log&logNo=220812163516,강남역릴리브relieve_플랫화이트
294,https://blog.naver.com/jo_penquin?Redirect=Log&logNo=220809852690,퀸즈마마마켓_매뉴팩트카페
295,https://blog.naver.com/jo_penquin?Redirect=Log&logNo=220809294798,2016_방콕
296,https://blog.naver.com/jo_penquin?Redirect=Log&logNo=220809253263,익선동3_식물카페
297,https://blog.naver.com/jo_penquin?Redirect=Log&logNo=220809210623,익선동2_익동다방
298,https://blog.naver.com/jo_penquin?Redirect=Log&logNo=220809188522,익선동1_열두달
299,https://blog.naver.com/jo_penquin?Redirect=Log&logNo=220809115229,한남동디뮤지엄&quot;헤더윅스튜디오&quot;
300,https://blog.naver.com/jo_penquin?Redirect=Log&logNo=220809066203,장욱진미술관
301,https://blog.naver.com/jo_penquin?Redirect=Log&logNo=220809054062,성수동오르에르
302,https://blog.naver.com/jo_penquin?Redirect=Log&logNo=220809032622,필동24번지!!스트리트뮤지엄B24R24베이커리24레스토랑24
303,https://blog.naver.com/jo_penquin?Redirect=Log&logNo=220807719141,남양주나들이!나인블럭9Block화심장어
304,https://blog.naver.com/jo_penquin?Redirect=Log&logNo=220802423429,장충동족발!!평안도족발/태극당/태극당모나카
305,https://blog.naver.com/jo_penquin?Redirect=Log&logNo=220800137630,2016_청평캠프통(08.20~21)
306,https://blog.naver.com/jo_penquin?Redirect=Log&logNo=220765228741,커먼그라운드_바바리아_어반비치
307,https://blog.naver.com/jo_penquin?Redirect=Log&logNo=220765149850,(성수나들이2탄!)뚝섬대성갈비_빵의정석_밀도식빵_오르에르_성수대림창고
308,https://blog.naver.com/jo_penquin?Redirect=Log&logNo=220765118651,성수동할머니의레시피
309,https://blog.naver.com/jo_penquin?Redirect=Log&logNo=220764030539,"지니킴패밀리세일!(강남더블트레블,떼시스티라미수라떼)"
310,https://blog.naver.com/jo_penquin?Redirect=Log&logNo=220763962388,2016_오션월드(소노펠리체빌리지)
