,Link,Title
0,https://blog.naver.com/orols07?Redirect=Log&logNo=222455938734,"[영쨩런]애니멀런|8월판다런🐼_다시시작,비대면마라톤"
1,https://blog.naver.com/orols07?Redirect=Log&logNo=222454227586,[2021年]08月영쨩할일
2,https://blog.naver.com/orols07?Redirect=Log&logNo=222453421763,[박달동점핑]FUNJUMPING|박달동신나는점핑~8월14일까지시간표공지
3,https://blog.naver.com/orols07?Redirect=Log&logNo=222452602273,[일상]20210723-0731주저리주저리일상
4,https://blog.naver.com/orols07?Redirect=Log&logNo=222449570133,[공부하다]해커스|산업안전자격증취득을위해선산업안전산업기사필기교재추천합니다_합격의길로으쌰라으쌰라
5,https://blog.naver.com/orols07?Redirect=Log&logNo=222449081500,[이뻐지다|리즈샵]리즈샵|3회차만에이만큼이나작아질수있다니_윤곽뱀부관리작은얼굴관리&#39;평촌피부관리실리즈샵&#39;
6,https://blog.naver.com/orols07?Redirect=Log&logNo=222447956200,[제품리뷰|LYLabs]LYLabs|이제는발포다이어트가대세다_가르시니아발포비타민&quot;버블리샤인다이어트&quot;
7,https://blog.naver.com/orols07?Redirect=Log&logNo=222446114352,[안양|꽃이있는풍경]&#39;끝이없는사랑&#39;미니장미꽃다발/꽃예쁜집안양꽃집_꽃이있는풍경
8,https://blog.naver.com/orols07?Redirect=Log&logNo=222446742111,[이뻐지다|우아래쉬스]우아래쉬스|범계속눈썹자연스러운속눈썹을원한다면&#39;우아래쉬스&#39;에서
9,https://blog.naver.com/orols07?Redirect=Log&logNo=222446055487,[영짱GX]라이프휘트니스|플라잉요가와요가그리고필라테스까지GX맛집안양역&#39;라이프휘트니스안양점&#39;
10,https://blog.naver.com/orols07?Redirect=Log&logNo=222442515212,[안양|잎버떡볶이]잎버떡볶이|평촌떡볶이_동네분식&#39;잎버떡볶이&#39;방문포장해서먹다
11,https://blog.naver.com/orols07?Redirect=Log&logNo=222440955362,[제품리뷰|하이헬스]알로에젤리로면연력을올리자_하이헬스이뮤니티알로에면역젤리
12,https://blog.naver.com/orols07?Redirect=Log&logNo=222440324790,"[영쨩_폴댄스]타니폴|42회차-45회차,잠시멈춤"
13,https://blog.naver.com/orols07?Redirect=Log&logNo=222439155478,[박달동점핑]FunJumping|9월6일재오픈관련공지사항
14,https://blog.naver.com/orols07?Redirect=Log&logNo=222439146327,[이뻐지다|알롱]allongs|셀프왁싱워머기리필왁스200g세트_선물받은거실사용후기쿄쿄
15,https://blog.naver.com/orols07?Redirect=Log&logNo=222438294434,[이뻐지다|김현성생활과학]김현성생활과학|다이어트크림발열크림슬리밍크림김현성생활과학아르데르크림소개합니다
16,https://blog.naver.com/orols07?Redirect=Log&logNo=222436179750,[광명|한양중식]한양중식|이곳이야말로진짜고급중식이다_광명맛집한양중식광명점
17,https://blog.naver.com/orols07?Redirect=Log&logNo=222435173792,[제품리뷰|헬스앤뷰티]헬스앤뷰티|부드러운닭가슴살소스닭가슴살역대급브랜드헬스앤뷰티_식단걱정NO
18,https://blog.naver.com/orols07?Redirect=Log&logNo=222434326670,"[이뻐지다|리즈샵]리즈샵|눈에띄는효과,안양피부관리평촌피부관리&#39;리즈샵&#39;에서테라노바바디슬리밍하이푸더블리프팅진행하기_2회차후기"
19,https://blog.naver.com/orols07?Redirect=Log&logNo=222431875213,[공유하다|피너츠]피너츠|피너츠스누피명장면/사진및움짤모음#3
20,https://blog.naver.com/orols07?Redirect=Log&logNo=222430023716,[제품리뷰|GODT]갓트|갓트가루신이야리얼섭취두번째찐후기:내돈내산
21,https://blog.naver.com/orols07?Redirect=Log&logNo=222428655198,[일상]20210710-0711영쨩생일파티_조심조심
22,https://blog.naver.com/orols07?Redirect=Log&logNo=222428626025,[박달동점핑]FUNJUMPING|신나는점핑7월_사회적거리두기4단계2주연장시간표및공지사항
23,https://blog.naver.com/orols07?Redirect=Log&logNo=222426304189,[관람하다]WAVVE|我的少女时代(OurTimes)나의소녀시대2015:넌내게가장소중한행운이였어[명장면모음]
24,https://blog.naver.com/orols07?Redirect=Log&logNo=222427222041,[안양|타니폴댄스]타니폴|폴타고하늘을날아다니다_안양폴댄스학원&#39;타니폴댄스안양점&#39;완.전강추_실수강생후기
25,https://blog.naver.com/orols07?Redirect=Log&logNo=222426293697,[이뻐지다|리즈샵]리즈샵|얼굴이작아질수있다구욧!!?평촌피부관리&#39;리즈샵&#39;에서하이푸더블리프팅관리1회차후기
26,https://blog.naver.com/orols07?Redirect=Log&logNo=222426206254,[이뻐지다|페리샤]페리샤|브라질리언왁싱부터셀프왁싱은모두다할수있다!!페리샤핫왁스와함께라면
27,https://blog.naver.com/orols07?Redirect=Log&logNo=222424983322,[공부하다]해커스|&quot;해커스산업안전산업기사필기&quot;시작이반이다산업기사마스터!!
28,https://blog.naver.com/orols07?Redirect=Log&logNo=222423955991,[일상]20210707HAPPY영쨩DAY
29,https://blog.naver.com/orols07?Redirect=Log&logNo=222417144773,[광명|카페_소하고택]소하고택|도시속작은한옥카페&#39;소하고택&#39;에서힐링을
30,https://blog.naver.com/orols07?Redirect=Log&logNo=222417035089,[안양|식껍]식껍|안양비산동맛집숯불구이전문점식껍안양비산점찾아가다:이집고기잘하네!!!!
31,https://blog.naver.com/orols07?Redirect=Log&logNo=222416963147,[2021年]07月영쨩할일
32,https://blog.naver.com/orols07?Redirect=Log&logNo=222415909947,"[영쨩_폴댄스]타니폴|39-41회차,기록하기"
33,https://blog.naver.com/orols07?Redirect=Log&logNo=222415865514,[李개똥|리뷰]강아지스토리|4in1모이스처미스트로개똥이의피부를지켜라_미스트/보습/알러지/건조
34,https://blog.naver.com/orols07?Redirect=Log&logNo=222413959446,"[태안]2021.06.25-26충남태안서해바다,떠나요-✨"
35,https://blog.naver.com/orols07?Redirect=Log&logNo=222412929555,[안양|카페_커피에반하다]카페인찌질이가좋아하는단골카페범계카페커피반하다호계우체국점
36,https://blog.naver.com/orols07?Redirect=Log&logNo=222410194555,[만들다|반지대학]반지대학|막둥이랑범계반지카페반지대학범계캠퍼스에서안양반지만들기
37,https://blog.naver.com/orols07?Redirect=Log&logNo=222406237052,[광명|스시메이진]스시메이진|광명맛집스시광명무한리필스시메이진소하점
38,https://blog.naver.com/orols07?Redirect=Log&logNo=222405533116,[촬영하다]소더셀피스튜디오|이태원셀프사진관소더실피스튜디오첫이태원방문기념우정사진
39,https://blog.naver.com/orols07?Redirect=Log&logNo=222405024229,[이태원|요거트샵]머드거트|해방촌그릭요거트맛집머드거트
40,https://blog.naver.com/orols07?Redirect=Log&logNo=222400268656,[관람하다]WAVVE|从结婚开始恋爱종결혼개시연애:결혼으로연애시작2020[21-35화]
41,https://blog.naver.com/orols07?Redirect=Log&logNo=222396386034,[관람하다]WAVVE|从结婚开始恋爱종결혼개시연애:결혼으로연애시작2020[11-20화]
42,https://blog.naver.com/orols07?Redirect=Log&logNo=222395845200,[안양|카페_비트박스]비트박스|무인카페는처음이야_24시간무인카페비트박스안양일번가점
43,https://blog.naver.com/orols07?Redirect=Log&logNo=222393304567,[이뻐지다|㈜라본느코스메틱]㈜라본느코스메틱|나의여름을부탁해_두피쿨링스프레이클레이에스테EX쿨샤벳
44,https://blog.naver.com/orols07?Redirect=Log&logNo=222390765293,[영쨩PT]올케어다이어트|하루30분맞춤운동과기기관리로한번에_범계여성전용헬스올케어다이어트/범계PT필라테스/1:4소그룹운동
45,https://blog.naver.com/orols07?Redirect=Log&logNo=222387345749,[영쨩PT]스트롱라인|범계역PT하면스트롱라인이G_1:1PT진행
46,https://blog.naver.com/orols07?Redirect=Log&logNo=222384872395,[2021年]06月영쨩할일
47,https://blog.naver.com/orols07?Redirect=Log&logNo=222383759201,[영쨩의하루]#112021년06월03일_늦었다
48,https://blog.naver.com/orols07?Redirect=Log&logNo=222381938911,[이뻐지다|DailyBang]데일리방|나의첫눈썹은중랑구자연눈썹전문&quot;데일리방&quot;에서
49,https://blog.naver.com/orols07?Redirect=Log&logNo=222381756474,[영쨩의하루]#102021년06월02일_오늘의일상
50,https://blog.naver.com/orols07?Redirect=Log&logNo=222379884608,[영쨩의하루]#92021년06월01일_후헹
51,https://blog.naver.com/orols07?Redirect=Log&logNo=222377809524,[영쨩의하루]#82021년05월31일_바쁘다바빠
52,https://blog.naver.com/orols07?Redirect=Log&logNo=222375717154,[영쨩의하루]#72021년05월30일_다이어트시작전워밍업?
53,https://blog.naver.com/orols07?Redirect=Log&logNo=222374131166,[영쨩의하루]#62021년05월29일_그래도쓴다..!
54,https://blog.naver.com/orols07?Redirect=Log&logNo=222373914427,[영쨩런]애니멀런|5월꿀벌런🐝_달려라노랑이들아(With.개똥)
55,https://blog.naver.com/orols07?Redirect=Log&logNo=222373626769,[촬영하다]포지티브셀피스튜디오|시흥배곧셀프사진관포지티브셀피에서_추억을남기다
56,https://blog.naver.com/orols07?Redirect=Log&logNo=222372762094,[영쨩의하루]#52021년05월28일_너무피곤하고시간지났Go...
57,https://blog.naver.com/orols07?Redirect=Log&logNo=222371301001,[이뻐지다|MEDI-PEEL]메디필|허벌필톡스_국내산쑥과녹차원물이만났다!
58,https://blog.naver.com/orols07?Redirect=Log&logNo=222370644262,[영쨩의하루]#42021년05월27일_작고소듕해
59,https://blog.naver.com/orols07?Redirect=Log&logNo=222368995481,[영쨩의하루]#32021년05월26일_게으른영쨩에게박수를-☆
60,https://blog.naver.com/orols07?Redirect=Log&logNo=222367111644,[영쨩의하루]#22021년05월25일_개똥쓰하루
61,https://blog.naver.com/orols07?Redirect=Log&logNo=222365084664,[이뻐지다|SISCAT]20210522SISCAT|데일리트랙브라탑레깅스세트:레깅스쇼핑몰시스캣과함께
62,https://blog.naver.com/orols07?Redirect=Log&logNo=222364995484,[영쨩의하루]#12021년05월24일_배고프다
63,https://blog.naver.com/orols07?Redirect=Log&logNo=222363096450,[리뷰|코킷리스트]코로나끝나면...?코로나가끝나면영쨩이해야할서른가지코킷리스트[코로나버킷리스트]
64,https://blog.naver.com/orols07?Redirect=Log&logNo=222362544011,[일상]꼬리뼈와맞바꾼일상20210516-0522
65,https://blog.naver.com/orols07?Redirect=Log&logNo=222358692537,[영쨩PT]팀원짐|다이어트를위한안양동PT는안양동헬스장안양팀원짐!!
66,https://blog.naver.com/orols07?Redirect=Log&logNo=222352582912,"[일상]너나우리,모이면쌓이는행복20210509-0515"
67,https://blog.naver.com/orols07?Redirect=Log&logNo=222352044742,[영쨩폴댄스]타니폴댄스|31-38회차레벨업업업
68,https://blog.naver.com/orols07?Redirect=Log&logNo=222351359867,[李개똥|리뷰]에코스터프|개똥이도물에녹는배변봉투에코스터프이지풉백로환경을지켜요
69,https://blog.naver.com/orols07?Redirect=Log&logNo=222349945199,[이뻐지다|스킨전신발관리전문샵]전신발관리전문샵|범계마사지를원한다면이곳으로
70,https://blog.naver.com/orols07?Redirect=Log&logNo=222348737361,"[제품리뷰|밀팜]밀팜|스파르타푸드WPC보충제_진정한보충제는나야나/WPC,WPC보충제,프로틴,헬스보충제"
71,https://blog.naver.com/orols07?Redirect=Log&logNo=222345863614,[촬영하다]치즈스마일스튜디오|종로셀프스튜디오치즈스마일스튜디오에서프로필촬영하다
72,https://blog.naver.com/orols07?Redirect=Log&logNo=222344446479,[이뻐지다|순수연구소]순수연구소|노니시카스팟크림_마스크트러블사라져라.!!집중응급케어여드름크림
73,https://blog.naver.com/orols07?Redirect=Log&logNo=222343163707,"[일상]어린이날,개린이날그리고어버이날20210505-0508"
74,https://blog.naver.com/orols07?Redirect=Log&logNo=222336698118,[이뻐지다|milktoch]20210504밀크터치_피부환생팩33STEP그린티워시오프팩/녹차원물을담다
75,https://blog.naver.com/orols07?Redirect=Log&logNo=222336381252,[영쨩로그]2021년5월3일:똑같은일상의반복
76,https://blog.naver.com/orols07?Redirect=Log&logNo=222333742087,[영쨩로그]2021년5월2일:꽃이조하이개똥
77,https://blog.naver.com/orols07?Redirect=Log&logNo=222332681215,[2021年]05月영쨩할일
78,https://blog.naver.com/orols07?Redirect=Log&logNo=222331545053,[영쨩로그]2021년5월1일:이제시작이야5월달
79,https://blog.naver.com/orols07?Redirect=Log&logNo=222329561777,[박달동점핑]FunJumping|5월시간표및금액안내
80,https://blog.naver.com/orols07?Redirect=Log&logNo=222326438388,[안양|닥터모락평촌점]닥터모락|범계두피탈모관리는닥터모락평촌점으로GoGo!!
81,https://blog.naver.com/orols07?Redirect=Log&logNo=222325626831,[공유하다|피너츠]피너츠|피너츠스누피명장면/사진및움짤모음#2
82,https://blog.naver.com/orols07?Redirect=Log&logNo=222325130536,"[공유하다|생일짤]생일축하|생일축하,생일파티짤"
83,https://blog.naver.com/orols07?Redirect=Log&logNo=222324261991,[일상]평범한일상그자체20210423-0426
84,https://blog.naver.com/orols07?Redirect=Log&logNo=222323957945,[李개똥_성장기록]새로운꼬까옷을입고[feat.유앤펫]20210426
85,https://blog.naver.com/orols07?Redirect=Log&logNo=222322571332,[영쨩런]애니멀런|4월코알라런🐨_김수빵이랑
86,https://blog.naver.com/orols07?Redirect=Log&logNo=222321202556,"[영쨩_폴댄스]타니폴|27회차-30회차,레벨업준비"
87,https://blog.naver.com/orols07?Redirect=Log&logNo=222319791917,[공유하다|피너츠]피너츠|피너츠스누피명장면/사진및움짤모음#1
88,https://blog.naver.com/orols07?Redirect=Log&logNo=222319784276,[박달동점핑]FUNJUMPING|제대로된점핑을배워보아요:이벤트정보및공지사항
89,https://blog.naver.com/orols07?Redirect=Log&logNo=222317900451,[타니폴안양점]찐수강생영쨩쓰의타니폴_안양점후기
90,https://blog.naver.com/orols07?Redirect=Log&logNo=222316095234,[공유하다|자이언트펭Tv]자이언트펭Tv펭수|펭수_짤모음
91,https://blog.naver.com/orols07?Redirect=Log&logNo=222310371749,[영쨩_폴댄스]타니폴|23회차-26회차:아직왕초보같은데초보......!!?
92,https://blog.naver.com/orols07?Redirect=Log&logNo=222307315944,[일상]Happy정민🍎Day:생일파티와간만에외출20210411
93,https://blog.naver.com/orols07?Redirect=Log&logNo=222305609821,[일상]HAPPY소은DAY:막둥이생일파티기타일상들
94,https://blog.naver.com/orols07?Redirect=Log&logNo=222302371079,[관람하다]WAVVE|从结婚开始恋爱종결혼개시연애:결혼으로연애시작2020[1-10화]
95,https://blog.naver.com/orols07?Redirect=Log&logNo=222299020525,[이뻐지다|milktoch]20210225밀크터치_그린애플포어콜라겐앰플크림/세살모공라인
96,https://blog.naver.com/orols07?Redirect=Log&logNo=222298671822,[영쨩_폴댄스]타니폴|폴린이18회차-22회차
97,https://blog.naver.com/orols07?Redirect=Log&logNo=222298474133,[2021年]04月영쨩할일
98,https://blog.naver.com/orols07?Redirect=Log&logNo=222293042847,[일상]3월을마무리하며20210327-20210330
99,https://blog.naver.com/orols07?Redirect=Log&logNo=222292956916,[영쨩런]애니멀런|3월호랑이런🐯_첫비대면마라톤
100,https://blog.naver.com/orols07?Redirect=Log&logNo=222292938233,[제품리뷰|Taylor]테일러팜스|푸룬딥워터섭취후기_군PX득템
101,https://blog.naver.com/orols07?Redirect=Log&logNo=222289098779,[관람하다]WAVVE|99分女朋友99분여붕우:99점여자친구2020
102,https://blog.naver.com/orols07?Redirect=Log&logNo=222287054590,[제품리뷰|GODT]갓트|젤리어트14일가루신이야15일내돈내산섭취후기:맛있어
103,https://blog.naver.com/orols07?Redirect=Log&logNo=222286328872,[안양|중화반점]박달중화반점|찾아가는박달중식점너로정했다!20210318
104,https://blog.naver.com/orols07?Redirect=Log&logNo=222279012219,[일상]이런저런일상:사촌결혼식아빠의추억20210312-20210314
105,https://blog.naver.com/orols07?Redirect=Log&logNo=222275535304,"[이뻐지다/네일]20210312하객네일,호피네일,프렌치네일,파츠네일/이뽀라네일"
106,https://blog.naver.com/orols07?Redirect=Log&logNo=222275479899,"[영쨩_폴댄스]타니폴|13-17회차_폴수업/입문,초보콤보"
107,https://blog.naver.com/orols07?Redirect=Log&logNo=222271675179,[일상]아빠와두딸20210310
108,https://blog.naver.com/orols07?Redirect=Log&logNo=222263682201,[감상하다|CCM]오라하소서-여니엘
109,https://blog.naver.com/orols07?Redirect=Log&logNo=222263664843,[2021年]03月영쨩할일
110,https://blog.naver.com/orols07?Redirect=Log&logNo=222260958188,[일상]서울나들이_동대문DDP전시회teamLab:Life🍎나들이20210227
111,https://blog.naver.com/orols07?Redirect=Log&logNo=222260502079,[박달동점핑]FUNJUMPING|3월시간표
112,https://blog.naver.com/orols07?Redirect=Log&logNo=222260498282,[영쨩어트:D]다이어트일기|2021年3월
113,https://blog.naver.com/orols07?Redirect=Log&logNo=222255020815,[관람하다]WAVVE|看见味道的你간견미도적니:사랑의미식남녀2019
114,https://blog.naver.com/orols07?Redirect=Log&logNo=222252126339,[영쨩_폴댄스]타니폴|10-12회차_폴수업
115,https://blog.naver.com/orols07?Redirect=Log&logNo=222247415137,[그리다]2021년2월
116,https://blog.naver.com/orols07?Redirect=Log&logNo=222240133604,"[관람하다]WAVVE|暧暧,请多指教난난,청다지교:난난,잘부탁해2020"
117,https://blog.naver.com/orols07?Redirect=Log&logNo=222239235138,[영쨩_폴댄스]타니폴|폴댄스재등록9회차
118,https://blog.naver.com/orols07?Redirect=Log&logNo=222238836868,[공부하다]차이티중국어|친절한차이티의중국어비밀과외기초편-복습공부다시시작-
119,https://blog.naver.com/orols07?Redirect=Log&logNo=222237146906,[영쨩어트]1월31일-2월7일일주일다이어트후기
120,https://blog.naver.com/orols07?Redirect=Log&logNo=222236666803,[필름카메라]코닥|코닥토이카메라M38필름현상및스캔_파란포토
121,https://blog.naver.com/orols07?Redirect=Log&logNo=222235963368,[관람하다]WAVVE|致我们甜甜的小美满치아문첨첨적소미만:우리의달콤한행복에게2020
122,https://blog.naver.com/orols07?Redirect=Log&logNo=222234469182,[박달동점핑]FunJumping|점핑은어떻게하는거지?
123,https://blog.naver.com/orols07?Redirect=Log&logNo=222234439708,[영쨩어트:D]다이어트일기|2021年2월
124,https://blog.naver.com/orols07?Redirect=Log&logNo=222233270248,[일상]유튜브도전기|영쨩튜브채널오픈!!
125,https://blog.naver.com/orols07?Redirect=Log&logNo=222230737573,[관람하다]WAVVE|我好喜欢你아호희환니2020
126,https://blog.naver.com/orols07?Redirect=Log&logNo=222228283862,[박달동점핑]FunJumping|2월시간표및안내사항
127,https://blog.naver.com/orols07?Redirect=Log&logNo=222227595622,[2021年]02月영쨩할일
128,https://blog.naver.com/orols07?Redirect=Log&logNo=222226918219,[영쨩_폴댄스]타니폴|폴댄스왕초보8회차_엔젤변형
129,https://blog.naver.com/orols07?Redirect=Log&logNo=222226815786,[영쨩어트]일주일다이어트과정및결과
130,https://blog.naver.com/orols07?Redirect=Log&logNo=222221795716,[그리다]2021년1월_그림들
131,https://blog.naver.com/orols07?Redirect=Log&logNo=222219976667,[영쨩어트]일주일다이어트:도전!
132,https://blog.naver.com/orols07?Redirect=Log&logNo=222218745217,"[영쨩_폴댄스]타니폴|오픈폴6,7회차"
133,https://blog.naver.com/orols07?Redirect=Log&logNo=222215530049,[일상]20200121운동DAY
134,https://blog.naver.com/orols07?Redirect=Log&logNo=222211929205,[일상]20210118오랜만출근일상
135,https://blog.naver.com/orols07?Redirect=Log&logNo=222209488601,[박달동점핑]FunJumping|1월START실내체육시설운영
136,https://blog.naver.com/orols07?Redirect=Log&logNo=222207766214,[공부하다]비전큐|민간자격증_병원코디네이터
137,https://blog.naver.com/orols07?Redirect=Log&logNo=222202463744,[관람하다]WAVVE|致我们暖暖的小时光치아문난난적소시광:우리의따뜻했던시절에게
138,https://blog.naver.com/orols07?Redirect=Log&logNo=222201364430,[일상]20200108옮겨라방구조_
139,https://blog.naver.com/orols07?Redirect=Log&logNo=222200292609,[감상하다|랩/힙합]KURO_#birthday/가사/듣기/감성힙합추천
140,https://blog.naver.com/orols07?Redirect=Log&logNo=222200217086,[다이어리|ARTBOX]아트박스|6공다이어리_나의작은친구A5
141,https://blog.naver.com/orols07?Redirect=Log&logNo=222200160371,[李개똥_성장기록]이개똥후드티_물려받다20210107
142,https://blog.naver.com/orols07?Redirect=Log&logNo=222197676839,[일상]20200105맛탕조하_
143,https://blog.naver.com/orols07?Redirect=Log&logNo=222194787767,[일상]20210101HappyNewYear✨
144,https://blog.naver.com/orols07?Redirect=Log&logNo=222193209544,"[영쨩어트:D]다이어트일기|2021年1월,새로운시작"
145,https://blog.naver.com/orols07?Redirect=Log&logNo=222192465105,[2021年]01月영쨩할일
146,https://blog.naver.com/orols07?Redirect=Log&logNo=222191979858,"[일상]2020년마지막날,마무리"
147,https://blog.naver.com/orols07?Redirect=Log&logNo=222187852227,[2020年]2020년도영쨩목표_되돌아보기
148,https://blog.naver.com/orols07?Redirect=Log&logNo=222187789431,"[기록하다]#7나는오늘뭘해야행복할까?/저자|피오나로바즈,옮긴이|정윤희"
149,https://blog.naver.com/orols07?Redirect=Log&logNo=222185527820,[일상]20201225ᴹᵉʳʳʸᶜʰʳⁱˢᵗᵐᵃˢ🎄
150,https://blog.naver.com/orols07?Redirect=Log&logNo=222184660520,[일상]20201224크리스마스이브
151,https://blog.naver.com/orols07?Redirect=Log&logNo=222184346435,[공유하다|짱구]짱구는못말려|짱구_짤모음#4
152,https://blog.naver.com/orols07?Redirect=Log&logNo=222183459843,[제품|풀무원토이쿠키]토이쿠키|토이쿠키만들기_숲속동물들생일파티
153,https://blog.naver.com/orols07?Redirect=Log&logNo=222182263674,[필름카메라]코닥|코닥토이카메라M38_다회용
154,https://blog.naver.com/orols07?Redirect=Log&logNo=222181412353,[일상]20201221아빠생신_항상건강하세요
155,https://blog.naver.com/orols07?Redirect=Log&logNo=222181402073,[李개똥_성장기록]새방석생겼습니다개똥이20201219/20201220
156,https://blog.naver.com/orols07?Redirect=Log&logNo=222179253772,[李개똥_성장기록]20201218눈밟고넷이서산책하기
157,https://blog.naver.com/orols07?Redirect=Log&logNo=222179170863,[일상]20201219아빠똥다똥생일파티
158,https://blog.naver.com/orols07?Redirect=Log&logNo=222178853266,[관람하다]WAVVE|地味にスゴイ!DX校閲ガール・河野悦子수수하지만굉장해!DX교열걸코노에츠코2017
159,https://blog.naver.com/orols07?Redirect=Log&logNo=222178380579,"[관람하다]WAVVE|亲爱的,热爱的친애적,열애적2019[31-41화(완)]4탄"
160,https://blog.naver.com/orols07?Redirect=Log&logNo=222178322634,"[관람하다]WAVVE|亲爱的,热爱的친애적,열애적2019[21-30화]3탄"
161,https://blog.naver.com/orols07?Redirect=Log&logNo=222178093391,"[관람하다]WAVVE|亲爱的,热爱的친애적,열애적2019[11-20화]2탄"
162,https://blog.naver.com/orols07?Redirect=Log&logNo=222177323238,"[관람하다]WAVVE|亲爱的,热爱的친애적,열애적2019[1-10화]1탄"
163,https://blog.naver.com/orols07?Redirect=Log&logNo=222176730550,[일상]20201216이소똥오늘은디저트요리사
164,https://blog.naver.com/orols07?Redirect=Log&logNo=222176073370,[관람하다]WAVVE|地味にスゴイ!校閲ガール・河野悦子수수하지만굉장해!교열걸코노에츠코2016
165,https://blog.naver.com/orols07?Redirect=Log&logNo=222174841561,[李개똥_성장기록]20201215귀찮다애미야건들지마라
166,https://blog.naver.com/orols07?Redirect=Log&logNo=222173760026,[2020마이블로그리포트]2020년영쨩로그
167,https://blog.naver.com/orols07?Redirect=Log&logNo=222173555287,[일상]만두공장_막둥이놀아주기
168,https://blog.naver.com/orols07?Redirect=Log&logNo=222173439905,"[관람하다]WAVVE|逃げるは恥だが役に立つ도망치는건부끄럽지만,도움이된다2016"
169,https://blog.naver.com/orols07?Redirect=Log&logNo=222172720869,"[기록하다]#6미라클모닝/저자|할엘로드,옮긴이|김현수"
170,https://blog.naver.com/orols07?Redirect=Log&logNo=222170778076,[中国|李现]중국배우_이현|李现lixian리시엔이현2
171,https://blog.naver.com/orols07?Redirect=Log&logNo=222169515481,[일상]건강검진|자궁경부암예방접종_가다실9가
172,https://blog.naver.com/orols07?Redirect=Log&logNo=222168618338,[영쨩_폴댄스]타니폴|폴댄스왕초보입문2-5회차_기록
173,https://blog.naver.com/orols07?Redirect=Log&logNo=222167961683,[그리다|12月]12월그림_
174,https://blog.naver.com/orols07?Redirect=Log&logNo=222165435875,[박달동]FunJumping|12월크리스마스_나중에만나요
175,https://blog.naver.com/orols07?Redirect=Log&logNo=222163141589,[2021年]2021년계획_새로운인생!
176,https://blog.naver.com/orols07?Redirect=Log&logNo=222159625721,[영짱어트:D]다이어트일기|[12月]역시나실패!ㅋㅋㅋ
177,https://blog.naver.com/orols07?Redirect=Log&logNo=222157925573,[박달동]FunJumping|휴관안내:11월30일-12월7일
178,https://blog.naver.com/orols07?Redirect=Log&logNo=222157626315,[2020年]12月할일
179,https://blog.naver.com/orols07?Redirect=Log&logNo=222157291541,[李개똥_성장기록]20201127개신남
180,https://blog.naver.com/orols07?Redirect=Log&logNo=222155473016,[박달동]FunJumping|코로나2단계격상_운영¿?
181,https://blog.naver.com/orols07?Redirect=Log&logNo=222155316854,[일상]20201123-20201125가족여행|전라남도진도군탐방기
182,https://blog.naver.com/orols07?Redirect=Log&logNo=222143482826,[영쨩_폴댄스]타니폴|폴린이가된점핑이_타니폴댄스1회차
183,https://blog.naver.com/orols07?Redirect=Log&logNo=222142454600,"[영쨩_폴댄스]타니폴|점핑쟁이,폴린이되다"
184,https://blog.naver.com/orols07?Redirect=Log&logNo=222137943321,[그리다|11月]11월그림_
185,https://blog.naver.com/orols07?Redirect=Log&logNo=222137294892,[일상]안양|못난이사과모임20201105
186,https://blog.naver.com/orols07?Redirect=Log&logNo=222133268965,[제품리뷰|허닭]HEODAK|허닭닭가슴살곤약복음밥
187,https://blog.naver.com/orols07?Redirect=Log&logNo=222132904708,[제품리뷰|WeeklyLab]WeeklyLab|위클리랩라이틀리_내돈내산31일섭취후기[2달째]
188,https://blog.naver.com/orols07?Redirect=Log&logNo=222132572685,[영짱어트:D]다이어트일기|[11月]대실패
189,https://blog.naver.com/orols07?Redirect=Log&logNo=222129614858,[李개똥_성장기록]20201028낙엽냄새맡는척흙먹기
190,https://blog.naver.com/orols07?Redirect=Log&logNo=222129590395,"[박달동점핑]FunJumping|신나는점핑소개,11월준비"
191,https://blog.naver.com/orols07?Redirect=Log&logNo=222127696261,[2020年]11月할일
192,https://blog.naver.com/orols07?Redirect=Log&logNo=222124284439,[박달동점핑]FunJumping|점핑은계속된다
193,https://blog.naver.com/orols07?Redirect=Log&logNo=222124183294,[기록하다]#5성과를지배하는바인더의힘/저자|강규형
194,https://blog.naver.com/orols07?Redirect=Log&logNo=222123793223,[李개똥_성장기록]20201022영쨩언니랑오후산책
195,https://blog.naver.com/orols07?Redirect=Log&logNo=222123787709,[관람하다]WAVVE|冰糖炖雪梨빙당돈설리2020
196,https://blog.naver.com/orols07?Redirect=Log&logNo=222122679527,[李개똥_성장기록]20201021가을단풍산책취침자세
197,https://blog.naver.com/orols07?Redirect=Log&logNo=222122339196,[中国|李现]중국배우_이현|李现lixian리시엔이현
198,https://blog.naver.com/orols07?Redirect=Log&logNo=222121200744,[공부하다]중국어|친절한차이티의중국어비밀과외기초편
199,https://blog.naver.com/orols07?Redirect=Log&logNo=222114915538,"[관람하다]WAVVE|等等啊我的青春등등아아적청춘,기다려!나의청춘2019"
200,https://blog.naver.com/orols07?Redirect=Log&logNo=222114160953,[공유하다|짱구]짱구는못말려|짱구_짤모음#3
201,https://blog.naver.com/orols07?Redirect=Log&logNo=222111903291,[일상]20201009떡볶이영접
202,https://blog.naver.com/orols07?Redirect=Log&logNo=222107830573,[이뻐지다/MilkTouch]20200924밀크터치_파인드더리얼커버쿠션에브리데이착붙립펜슬
203,https://blog.naver.com/orols07?Redirect=Log&logNo=222107547761,[박달동점핑]FunJumping|20대예신굥굥님고객후기_가장아름다운신부
204,https://blog.naver.com/orols07?Redirect=Log&logNo=222104978696,[영짱어트:D]다이어트일기|[10月]20201001-20201031_라이틀리와함께하는한달다이어트2
205,https://blog.naver.com/orols07?Redirect=Log&logNo=222103910651,[2020年]10月할일
206,https://blog.naver.com/orols07?Redirect=Log&logNo=222103119027,[박달동점핑]FunJumping|추석특별방역기간:점핑¿
207,https://blog.naver.com/orols07?Redirect=Log&logNo=222098640519,[그리다|8月]8월그림_
208,https://blog.naver.com/orols07?Redirect=Log&logNo=222098634395,[일상][영쨩하루]영쨩일상_홈스킨케어20200924
209,https://blog.naver.com/orols07?Redirect=Log&logNo=222098026437,[일상][영쨩하루]이개똥과함께_영쨩일상20200923
210,https://blog.naver.com/orols07?Redirect=Log&logNo=222097002774,[일상][영쨩하루]영쨩소소한일상_20200922
211,https://blog.naver.com/orols07?Redirect=Log&logNo=222090578014,[제품리뷰|WeeklyLab]WeeklyLab|위클리랩라이틀리_내돈내산30일섭취후기
212,https://blog.naver.com/orols07?Redirect=Log&logNo=222090559096,"[박달동점핑]FunJumping|점핑기본기,어떤동작들이있을까?"
213,https://blog.naver.com/orols07?Redirect=Log&logNo=222090429357,[박달동점핑]FunJumping|10대쏭쏭님고객후기_할수있다아자아자
214,https://blog.naver.com/orols07?Redirect=Log&logNo=222088536665,[박달동점핑]FunJumping|코로나를이겨냅시다_다시시작
215,https://blog.naver.com/orols07?Redirect=Log&logNo=222086667852,[영짱어트:D]다이어트일기|[9月]20200901-20200930_라이틀리와함께하는한달다이어트
216,https://blog.naver.com/orols07?Redirect=Log&logNo=222078205004,[제품리뷰|grn]grn진녹이13플러스올인원다이어트_내돈내산35일섭취후기
217,https://blog.naver.com/orols07?Redirect=Log&logNo=222077666423,[공부하다]중국어|시원스쿨_하루5문장으로20일만에끝내기HSK3급
218,https://blog.naver.com/orols07?Redirect=Log&logNo=222077656753,"[기록하다]#4스무살에알았더라면좋았을것들/저자|티나실리그,옮긴이|이수경"
219,https://blog.naver.com/orols07?Redirect=Log&logNo=222073428331,[박달동점핑]FunJumping|집합금지9월13일까지연장
220,https://blog.naver.com/orols07?Redirect=Log&logNo=222068010089,"[공유하다|주토피아]주토피아|주토피아닉,주디짤/모음/명장면"
221,https://blog.naver.com/orols07?Redirect=Log&logNo=222067990592,[공유하다|짱구]짱구는못말려|짱구_짤모음#2
222,https://blog.naver.com/orols07?Redirect=Log&logNo=222067975088,"[일상][운전면허]안양운전면허학원20200818,20200919,20201019"
223,https://blog.naver.com/orols07?Redirect=Log&logNo=222067918066,[2020年]9月할일
224,https://blog.naver.com/orols07?Redirect=Log&logNo=222064784844,[박달동점핑]FunJumping|사회적거리두기2단계격상_점핑매장운영중단
225,https://blog.naver.com/orols07?Redirect=Log&logNo=222063202857,[박달동점핑]FunJumping|20대뜌뜌님고객후기_점핑종료후기
226,https://blog.naver.com/orols07?Redirect=Log&logNo=222062336310,[박달동점핑]FunJumping|대체공휴일휴관공지_재밌게껑충껑충
227,https://blog.naver.com/orols07?Redirect=Log&logNo=222051881360,[박달동점핑]FunJumping|8월점핑DAY
228,https://blog.naver.com/orols07?Redirect=Log&logNo=222049339465,"[감상하다|CCM]전부-정다윗,김복유"
229,https://blog.naver.com/orols07?Redirect=Log&logNo=222049326001,[감상하다|CCM]나의고백(MyConfession)(with.이원규)-원효원
230,https://blog.naver.com/orols07?Redirect=Log&logNo=222049311063,[감상하다|CCM]지금이자리에서(HereAtThisPlace)-마커스워십(MARKERSWORSHIP)
231,https://blog.naver.com/orols07?Redirect=Log&logNo=222048307255,[영짱어트:D]다이어트일기|[8月]20200801-20200831_진녹이와함께하는한달다이어트
232,https://blog.naver.com/orols07?Redirect=Log&logNo=222048289650,[관람하다]Btv|我的青春都是你(LovetheWayYouAre)나의청춘은너의것2019
233,https://blog.naver.com/orols07?Redirect=Log&logNo=222046482434,[박달동점핑]FunJumping|20대하리보님고객후기_현재진행중
234,https://blog.naver.com/orols07?Redirect=Log&logNo=222046358289,[공유하다|짱구]짱구는못말려|짱구_짤모음#1
235,https://blog.naver.com/orols07?Redirect=Log&logNo=222046308309,[2020年]8月할일
236,https://blog.naver.com/orols07?Redirect=Log&logNo=222045594154,[일상]나의소녀시대재개봉_8월19일존버
237,https://blog.naver.com/orols07?Redirect=Log&logNo=222043349432,[박달동점핑]FunJumping|8월일정표공지이벤트안내
238,https://blog.naver.com/orols07?Redirect=Log&logNo=222039289714,[그리다|7月]7월그림_
239,https://blog.naver.com/orols07?Redirect=Log&logNo=222039120778,[박달동점핑]FunJumping|7월수업_점핑점핑
240,https://blog.naver.com/orols07?Redirect=Log&logNo=222026758224,[일상]20200707HAPPY영쨩DAY
241,https://blog.naver.com/orols07?Redirect=Log&logNo=222021322769,[일상]생일맛보기_D-3파티/20200704
242,https://blog.naver.com/orols07?Redirect=Log&logNo=222019590454,[관람하다]WAVVE|凪のお暇나기의휴식2019
243,https://blog.naver.com/orols07?Redirect=Log&logNo=222019538575,[박달동점핑]FunJumping|20대뜌뜌님고객후기_그녀의노력은배신하지않았다
244,https://blog.naver.com/orols07?Redirect=Log&logNo=222016872815,[관람하다]我的少女时代(OurTimes)나의소녀시대2015
245,https://blog.naver.com/orols07?Redirect=Log&logNo=222016867494,[속초]2020.06.28-30가족여행_속초로떠나다
246,https://blog.naver.com/orols07?Redirect=Log&logNo=222016848994,[2020年]7月할일
247,https://blog.naver.com/orols07?Redirect=Log&logNo=222007951926,[이뻐지다/MilkTouch]20200610밀크터치_올데이롱앤컬마스카라
248,https://blog.naver.com/orols07?Redirect=Log&logNo=222007934935,[그리다|6月]6월그림_
249,https://blog.naver.com/orols07?Redirect=Log&logNo=222007931650,[박달동점핑]FunJumping|7월일정표공지
250,https://blog.naver.com/orols07?Redirect=Log&logNo=222007879702,"[박달동점핑]FunJumPing|휴관공지-6월29일,30일"
251,https://blog.naver.com/orols07?Redirect=Log&logNo=222007877328,[박달동점핑]FunJumpimg|6月7月등록EVENT
252,https://blog.naver.com/orols07?Redirect=Log&logNo=221993121849,[서울]20200606서울나들이
253,https://blog.naver.com/orols07?Redirect=Log&logNo=221991276656,[일상]20200530소쨩BIRTHDAY기록
254,https://blog.naver.com/orols07?Redirect=Log&logNo=221989938204,[그리다|5月]5월그림_
255,https://blog.naver.com/orols07?Redirect=Log&logNo=221989921813,[2020年]6月할일
256,https://blog.naver.com/orols07?Redirect=Log&logNo=221986601633,[박달동점핑]FunJumping|6월일정표공지
257,https://blog.naver.com/orols07?Redirect=Log&logNo=221982180686,[이뻐지다/네일]20200515결혼하객네일-아트네일/영쨩로그
258,https://blog.naver.com/orols07?Redirect=Log&logNo=221979077399,[다이어트:자극사진]#6
259,https://blog.naver.com/orols07?Redirect=Log&logNo=221947507701,[이뻐지다/MilkTouch]20200425밀크터치_서양송악진정크림
260,https://blog.naver.com/orols07?Redirect=Log&logNo=221947466195,[박달동점핑]FunJumping|출석왕을찾아라_
261,https://blog.naver.com/orols07?Redirect=Log&logNo=221945442648,"[이뻐지다/MilkTouch]20200425밀크터치_마쉬멜로우파운데이션21호,23호"
262,https://blog.naver.com/orols07?Redirect=Log&logNo=221943480364,[2020年]5月할일
263,https://blog.naver.com/orols07?Redirect=Log&logNo=221935621858,[그리다|4月]4월그림_
264,https://blog.naver.com/orols07?Redirect=Log&logNo=221935611958,[박달동점핑]FunJumping|5월일정표_경기지역화폐사용처
265,https://blog.naver.com/orols07?Redirect=Log&logNo=221910224646,[박달동점핑]FunJumping|점핑타임_코로나이겨내기
266,https://blog.naver.com/orols07?Redirect=Log&logNo=221900184078,[인천|맘모스회센타18호]인천중구맛집_회먹으러오이소♥️맘모스회센터18호|20200324
267,https://blog.naver.com/orols07?Redirect=Log&logNo=221886676151,[2020年]4月할일
268,https://blog.naver.com/orols07?Redirect=Log&logNo=221884099719,[그리다|3月]3월그림_
269,https://blog.naver.com/orols07?Redirect=Log&logNo=221868721185,[이뻐지다/XEXYMIX]20200319XEXYMIX|젝시믹스셀라퍼펙션
270,https://blog.naver.com/orols07?Redirect=Log&logNo=221868656598,[박달동점핑]FunJumping|이점핑믿을수있는곳인가가요?고객관리는?¿효과는¿?
271,https://blog.naver.com/orols07?Redirect=Log&logNo=221868380979,[박달동점핑]FunJumPing|정부정책_임시휴관안내2020.03.22-04.05(15일간)
272,https://blog.naver.com/orols07?Redirect=Log&logNo=221851953605,"[이뻐지다/MilkTouch]20200311밀크터치_터치마이치크,1호순수살구,2호샤이피치,3호달콤자몽"
273,https://blog.naver.com/orols07?Redirect=Log&logNo=221851548830,[성경말씀|잠언]잠언말씀
274,https://blog.naver.com/orols07?Redirect=Log&logNo=221849083001,[영쨩어트:D]다이어트일기|[3月]20200309-20200331
275,https://blog.naver.com/orols07?Redirect=Log&logNo=221847419100,[박달동점핑]FunJumping|박달신나는점핑다이어트
276,https://blog.naver.com/orols07?Redirect=Log&logNo=221847369478,[제품|클라쓰가다른오징어간짬뽕]클라쓰가다른오징어간짬뽕_이태원클라쓰단밤포차안주시리즈-해물사관학교x이태원클라쓰
277,https://blog.naver.com/orols07?Redirect=Log&logNo=221833929610,[감상하다|POP]SomeoneYouLoved-LewisCapaldi[가사/번역/듣기]
278,https://blog.naver.com/orols07?Redirect=Log&logNo=221832709386,[영쨩어트:D]20200301다이어트진행_START
279,https://blog.naver.com/orols07?Redirect=Log&logNo=221831112044,"[박달동점핑]FunJumping|신나는점핑,코로나19긴급휴관진행공지"
280,https://blog.naver.com/orols07?Redirect=Log&logNo=221829293960,[이뻐지다/SISCAT]20200226SISCAT|시스캣내츄럴소프트레깅스
281,https://blog.naver.com/orols07?Redirect=Log&logNo=221827703639,[그리다|2月]2월그림_
282,https://blog.naver.com/orols07?Redirect=Log&logNo=221827696182,[2020年]3月할일
283,https://blog.naver.com/orols07?Redirect=Log&logNo=221826161716,[제품|쭈떡해물래?]쭈떡해물래?_이태원클라쓰단밤포차안주시리즈-해물사관학교x이태원클라쓰
284,https://blog.naver.com/orols07?Redirect=Log&logNo=221826059739,"[박달동점핑]FunJumping|코로나19,면연력싸움"
285,https://blog.naver.com/orols07?Redirect=Log&logNo=221814562808,[박달동점핑]FunJumping|20200218수업영상
286,https://blog.naver.com/orols07?Redirect=Log&logNo=221814541692,"[관람하다]Netflix|theNotebook,노트북2004"
287,https://blog.naver.com/orols07?Redirect=Log&logNo=221813833986,"[관람하다]Netflix|LetitSnow,렛잇스노우2019"
288,https://blog.naver.com/orols07?Redirect=Log&logNo=221810454091,[박달동점핑]FunJumPing|수업영상
289,https://blog.naver.com/orols07?Redirect=Log&logNo=221810444510,20200215|&#39;Netflix&#39;영화_두번할까요
290,https://blog.naver.com/orols07?Redirect=Log&logNo=221810419373,"[관람하다]Netflix|ToAlltheBoys:P.S.IStillLoveYou,내가사랑했던모든남자들에게ps.여전히널사랑해2020"
291,https://blog.naver.com/orols07?Redirect=Log&logNo=221806389277,[다이어트:자극사진]#5
292,https://blog.naver.com/orols07?Redirect=Log&logNo=221805262447,20200210|신한은행_주택청약
293,https://blog.naver.com/orols07?Redirect=Log&logNo=221801133827,[박달동점핑]FunJumping|신나는점핑_토요일자율운동
294,https://blog.naver.com/orols07?Redirect=Log&logNo=221801127218,[이뻐지다/XEXYMIX]20200206XEXYMIX|젝시믹스네오플렉시
295,https://blog.naver.com/orols07?Redirect=Log&logNo=221800072915,[박달동점핑]FunJumPing|다이어트하기딱좋은2월인가봐요~
296,https://blog.naver.com/orols07?Redirect=Log&logNo=221792906222,[박달동점핑]FunJumPing|박달신나는점핑
297,https://blog.naver.com/orols07?Redirect=Log&logNo=221792891938,[2020年]1月할일2月할일
298,https://blog.naver.com/orols07?Redirect=Log&logNo=221783451074,[박달동점핑]박달동신나는점핑:FunJumPing관리는어떻게¿
299,https://blog.naver.com/orols07?Redirect=Log&logNo=221757842325,[2020年]2020새해목표
300,https://blog.naver.com/orols07?Redirect=Log&logNo=221756629850,[관람하다][일상]새해첫영화:백두산관람(스포❌/일상기록)
301,https://blog.naver.com/orols07?Redirect=Log&logNo=221756499744,[박달동점핑]2020새해맞이대청소🎆박달동신나는점핑다이어트
302,https://blog.naver.com/orols07?Redirect=Log&logNo=221750580705,"[기록하다]#3나도나와잘지내고싶다/저자|후루카와다케시,옮긴이|김주영"
303,https://blog.naver.com/orols07?Redirect=Log&logNo=221750477573,[안양]안양_🍎못난이사과들모임🍎칵테일무제한|아지트20191218
304,https://blog.naver.com/orols07?Redirect=Log&logNo=221750378696,[박달동점핑]크리스마스파티&#39;-&#39;❤박달동신나는점핑다이어트
305,https://blog.naver.com/orols07?Redirect=Log&logNo=221730849580,[영쨩의20대Bucket List]기록하기#2
306,https://blog.naver.com/orols07?Redirect=Log&logNo=221726754388,[박달동점핑]201912마지막달신나게점핑운동:다이어트효과UP
307,https://blog.naver.com/orols07?Redirect=Log&logNo=221725808852,[이뻐지다/네일]20191202첫네일도전기-호피네일/영쨩로그
308,https://blog.naver.com/orols07?Redirect=Log&logNo=221722240096,[그리다]#2아이유캐리터
309,https://blog.naver.com/orols07?Redirect=Log&logNo=221722234157,[그리다]#1캐릭터초상화
310,https://blog.naver.com/orols07?Redirect=Log&logNo=221721383956,[박달동점핑]크리스마스준비_박달동신나는점핑
311,https://blog.naver.com/orols07?Redirect=Log&logNo=221721194083,[서울]못난이사과들모임🍎_10월할로윈_롯데월드
312,https://blog.naver.com/orols07?Redirect=Log&logNo=221656761355,[박달동점핑]박달동신나는점핑_
313,https://blog.naver.com/orols07?Redirect=Log&logNo=221654493096,[중국_쿤밍/운남]2019.08.18-24다녀왔습니다중국_쿤밍
314,https://blog.naver.com/orols07?Redirect=Log&logNo=221646763812,[기록하다]#21일1짠돈습관/저자|다음짠돌이카페슈퍼짠12인
315,https://blog.naver.com/orols07?Redirect=Log&logNo=221614516025,[이뻐지다/닥터3]20190813닥터3_7월_베스트리뷰어2등_❤️
316,https://blog.naver.com/orols07?Redirect=Log&logNo=221614499007,[박달동점핑]박달동신나는점핑_
317,https://blog.naver.com/orols07?Redirect=Log&logNo=221614482250,[김포]빈센트반고흐인사이드2:전시회/20190809
318,https://blog.naver.com/orols07?Redirect=Log&logNo=221600594490,[일상]20190707영쨩BIRTHDAY기록
319,https://blog.naver.com/orols07?Redirect=Log&logNo=221600503030,[박달동점핑]박달동신나는점핑다이어트:미니도전다이어트시상식❤️
320,https://blog.naver.com/orols07?Redirect=Log&logNo=221564522653,[관람하다]一吻定情(FallinLoveatFirstKiss)장난스런키스2019:대만영화🇹🇼
321,https://blog.naver.com/orols07?Redirect=Log&logNo=221562983198,"[이뻐지다/REVIEW]20190615착한팩토리LED블링갈바닉후기/이온갈바닉,홈케어기기"
322,https://blog.naver.com/orols07?Redirect=Log&logNo=221544153309,"[기록하다]#1돈의신에게사랑받는3줄의마법/저자|후지모토사키코,옮김|정세영"
323,https://blog.naver.com/orols07?Redirect=Log&logNo=221541966497,[서울]못난이사과들과한강나들이20190518
324,https://blog.naver.com/orols07?Redirect=Log&logNo=221541944957,[박달동점핑]박달점핑:신나는점핑jumping!!jumping!!
325,https://blog.naver.com/orols07?Redirect=Log&logNo=221534346857,[박달동점핑]박달신나는점핑:-)다함께점핑점핑
326,https://blog.naver.com/orols07?Redirect=Log&logNo=221528388347,[서울]박물관은살아있다_인사동:후기🙋‍♀️
327,https://blog.naver.com/orols07?Redirect=Log&logNo=221528363843,[어버이날]효도쿠폰:도안
328,https://blog.naver.com/orols07?Redirect=Log&logNo=221523582622,[영쨩어트:D]#1:5일다이어트-5일차기록하기[끝]
329,https://blog.naver.com/orols07?Redirect=Log&logNo=221522808270,[영쨩어트:D]#1:5일다이어트-4일차기록하기
330,https://blog.naver.com/orols07?Redirect=Log&logNo=221522611756,[다이어트:자극사진]#4
331,https://blog.naver.com/orols07?Redirect=Log&logNo=221522607200,[다이어트:자극사진]#3
332,https://blog.naver.com/orols07?Redirect=Log&logNo=221522003821,[이소똥]어린이점핑로그😆:일상로그
333,https://blog.naver.com/orols07?Redirect=Log&logNo=221521906971,[영쨩어트:D]#1:5일다이어트-3일차기록하기
334,https://blog.naver.com/orols07?Redirect=Log&logNo=221521025428,[영쨩어트:D]#1:5일다이어트-2일차기록하기
335,https://blog.naver.com/orols07?Redirect=Log&logNo=221520151063,[영쨩어트:D]#1:5일다이어트-1일차기록하기
336,https://blog.naver.com/orols07?Redirect=Log&logNo=221519401583,[영쨩어트:D]#120190422-20190426(5일간)-일주일다이어트/핵단기간다이어트
337,https://blog.naver.com/orols07?Redirect=Log&logNo=221519307489,[이소똥]안양_막둥이동생놀아주기위해언니들이나섰다!
338,https://blog.naver.com/orols07?Redirect=Log&logNo=221518606218,[영쨩어트:D]2주[12일간]다이어트&lt;20190408-20190419&gt;
339,https://blog.naver.com/orols07?Redirect=Log&logNo=221517246974,[2019KBO리그]20190417잠실두산홈구장SKvs두산[SK와이번스원정경기]
340,https://blog.naver.com/orols07?Redirect=Log&logNo=221503726088,[大韓民國]_매헌윤봉길의사기념관
341,https://blog.naver.com/orols07?Redirect=Log&logNo=221503422789,[다이어트:자극사진]#2
342,https://blog.naver.com/orols07?Redirect=Log&logNo=221501551140,[서울]한복남_한복입고경복궁창경궁나들이
343,https://blog.naver.com/orols07?Redirect=Log&logNo=221500486886,[안양|카페_에삐케이크]박달카페:에삐케이크@ep.cake_
344,https://blog.naver.com/orols07?Redirect=Log&logNo=221498883002,[다이어트:자극사진]#1
345,https://blog.naver.com/orols07?Redirect=Log&logNo=221498248085,[박달동점핑]박달신나는점핑다이어트:-)
346,https://blog.naver.com/orols07?Redirect=Log&logNo=221491932938,[박달동점핑]신나는점핑다이어트
347,https://blog.naver.com/orols07?Redirect=Log&logNo=221454883120,[영쨩의20대Bucket List]기록하기START
