,Link
0,https://blog.naver.com/snowrabbitt?Redirect=Log&logNo=222425084282
1,https://blog.naver.com/snowrabbitt?Redirect=Log&logNo=222420309782
2,https://blog.naver.com/snowrabbitt?Redirect=Log&logNo=222386609760
3,https://blog.naver.com/snowrabbitt?Redirect=Log&logNo=222372259776
4,https://blog.naver.com/snowrabbitt?Redirect=Log&logNo=222188579216
5,https://blog.naver.com/snowrabbitt?Redirect=Log&logNo=222159126467
6,https://blog.naver.com/snowrabbitt?Redirect=Log&logNo=222024786708
7,https://blog.naver.com/snowrabbitt?Redirect=Log&logNo=222167520197
8,https://blog.naver.com/snowrabbitt?Redirect=Log&logNo=222080727183
9,https://blog.naver.com/snowrabbitt?Redirect=Log&logNo=222039872342
10,https://blog.naver.com/snowrabbitt?Redirect=Log&logNo=222122384917
11,https://blog.naver.com/snowrabbitt?Redirect=Log&logNo=222092611690
12,https://blog.naver.com/snowrabbitt?Redirect=Log&logNo=222293142340
13,https://blog.naver.com/snowrabbitt?Redirect=Log&logNo=222224728679
14,https://blog.naver.com/snowrabbitt?Redirect=Log&logNo=222306632213
15,https://blog.naver.com/snowrabbitt?Redirect=Log&logNo=222246128040
